1 93.48819851691697
2 144.63237195826116
4 191.34933729234976
5 96.15821938939969
6 492.3475518995842
7 69.54816120882843
8 67.72959519861746
9 149.21939200043704
10 91.56304266713923
11 37.33464163713275
12 805.3019547957424
13 250.0151142549774
14 99.24175835517669
15 34.72715088911701
16 100.84496091809203
17 160.6136927094233
18 141.58939852360157
19 0.0
20 640.474619258007
21 78.77666271645901
22 408.2623786511915
23 218.17463526724896
24 131.10638449432935
25 58.66927244508679
26 48.96286308277347
27 177.7360659831537
28 380.3727902101033
29 1.1522384034770858
30 28.157498628974388
31 74.67989628264033
32 115.04472582462132
33 409.24300133289603
34 90.38930732933707
35 231.77752297145403
36 465.3712546973902
37 436.2790683807962
38 150.18132298009598
39 151.78882727598358
41 319.2489359998108
42 154.8762201580334
43 57.872276736607645
44 92.76391349121396
45 283.029873293333
46 384.5283561641288
47 142.62406921111898
48 510.6886633066103
49 0.0
50 0.0
51 78.71867439300857
52 44.07543964300664
53 103.04711351504969
54 407.418008191297
55 98.63752290421913
56 108.91223486526236
57 173.46059823611822
58 136.746025091933
59 155.45295763593097
60 239.9156986703477
61 111.89731812352832
62 14.106801428690567
63 0.0
64 427.08283187930874
65 633.6417676969926
66 73.99417335608544
67 55.915281386861
68 155.46954879874545
69 308.8350139623951
70 0.0
71 289.91346153846155
73 105.61301160449901
74 71.36258734570823
75 197.71213534104857
76 122.51208158256208
77 372.7316143234126
78 43.55375152800184
79 116.7825560525162
80 349.30989128008514
81 898.0990035339015
82 56.49941929200082
83 0.0
84 37.72951573688204
85 431.98755703221434
86 229.2835409602152
87 56.350308935107755
88 36.17587593761116
89 146.6616265906477
90 167.3365856985493
91 354.11795532892813
92 0.0
93 0.0
94 249.36472124370505
95 103.89968036311093
96 119.90097064832085
97 443.98087809316286
98 434.47113895085783
99 184.07375073795126
100 25.837711485169642
101 80.62979781793068
102 39.819495622556076
103 19.49788047731968
104 97.9236547727695
105 173.74510201154018
106 0.0
107 176.09197568292993
108 102.21875784494827
109 99.81915709047857
110 715.8039276216684
111 38.256415497039335
112 32.527773291838
113 57.64281800878153
114 56.77142871068612
115 85.32621906064263
116 161.0483894566744
117 72.57679468039203
118 566.3866459148327
120 131.48984356264813
122 0.0
123 195.56928159285766
124 298.17626304354593
125 21.768721423810447
126 32.70439875436503
127 107.09067670032765
128 40.30190004294297
129 36.88580795735257
130 477.5246098030817
131 51.54423879371407
132 448.31665671999673
133 39.14795428379947
134 238.68432300177386
135 38.514195859031695
136 167.23396491145408
138 398.55201057629046
139 398.50738176586617
140 0.0
141 145.864452918381
142 0.0
143 487.5884073929738
144 255.03972218972308
145 477.5788597410271
146 175.4055286484353
147 49.570525432813156
148 42.47139324051648
149 34.39631328781668
150 165.3009287311439
151 632.3785837813662
152 177.7410139780882
153 229.9730448041829
154 161.58214285714286
155 36.50089956285826
156 317.1515293856502
157 58.0040489717153
158 64.53062842136237
159 223.38849965866953
160 401.4686158319857
161 428.59904000575887
162 0.0
163 706.8687945230378
164 118.59776661526773
165 83.75531005364381
166 326.3527002618029
167 572.8398224606485
168 62.983449934696495
169 493.756982186108
170 456.4702427600247
171 181.81792878277483
172 336.23753877243297
173 68.05014765656273
174 234.23007726201556
175 98.52053992805621
176 81.16493034569604
177 170.70050181501324
178 161.7732990786078
179 317.4412100055284
180 599.2738833727237
181 85.33503747713017
182 154.9924501443259
183 295.18169541433485
184 46.13085537312317
185 237.00749351199306
186 0.0
187 438.05593550832094
188 97.6154973451225
189 31.07876623955833
190 238.32947612976142
191 258.7562325277975
192 269.57531038992505
193 167.42869788905946
194 0.2881866697329591
195 464.49377335033535
196 26.18142472111208
197 129.9709269565609
198 443.1840233580378
199 461.8618514677773
200 37.42219518443226
