1 0.7493332389750116
2 11.349974051241755
4 6.340031656607003
5 1.7422323017000827
6 6.137820586809747
7 0.4982769425839275
8 5.88071441315319
9 3.5949263808150826
10 -0.2542762459428046
11 5.8425397423142815
12 4.669801228505812
13 3.0576687196961796
14 6.843294357861616
15 6.210118147832098
16 7.808517657163503
17 11.315110385053138
18 3.29123178952486
19 -0.916290731874156
20 3.095113222764953
21 6.8448607170567115
22 8.748162896041446
23 4.359807188571624
24 5.119932210889896
25 5.243257723427149
26 6.144765165383879
27 6.048966226101287
28 5.328039870177873
29 -1.2958307800932005
30 5.555812638546123
31 6.9325127386949355
32 9.160253762379353
33 6.983984713852288
34 0.9824281502826708
35 4.831755941014651
36 7.713669178502665
37 7.672731990518658
38 5.46292351657235
39 6.9616626312728185
41 5.502104312882794
42 3.9308821657178603
43 6.6986717461050675
44 2.2822203176087874
45 5.702030676874561
46 7.9097642703033255
47 7.341585243304263
48 9.652121340745985
49 -1.2958307800931979
50 9.889990648782893
51 7.103286795774092
52 2.746132483304628
53 7.446408531762449
54 3.266816672760892
55 7.2971855862609285
56 6.459744057281924
57 -0.31701735885018056
58 6.866893695738263
59 5.923860904468922
60 7.954621926759626
61 3.922556664038622
62 3.2143098523021
63 -0.916290731874156
64 5.365170507055247
65 8.58529109271244
66 9.82559493602374
67 5.919757883759205
68 5.674777973215368
69 6.269835352621877
70 0.0
71 5.677666681378492
73 4.365649607936015
74 6.7228463272778525
75 5.59103739435612
76 3.366949710320317
77 4.365890391759984
78 2.4674324526110816
79 6.573052963674114
80 7.400267424870216
81 5.591779189995362
82 3.0861407858900156
83 -0.9162907318741542
84 4.98999463855821
85 6.516897350597408
86 7.482874405014894
87 0.4496342792985798
88 4.139336346941076
89 7.096068855119317
90 7.169504055667825
91 1.2710297544266116
92 1.624157485198512
93 1.5170405679419268
94 2.930418216525426
95 3.183030205253762
96 5.038568921302199
97 4.7453166690952315
98 0.6203812860182069
99 5.4491761348561765
100 7.1762996228156695
101 7.415422260783931
102 4.380730714111382
103 7.60464198361092
104 5.991393457197582
105 4.9925815818646075
106 -1.5870621021105096
107 4.535232504444197
108 6.215356337090922
109 10.243934605988192
110 5.354885589114495
111 5.782654405392968
112 1.0621560878644183
113 6.952860343787232
114 0.8461603956210083
115 4.277028205196518
116 6.3332798146123865
117 8.564149241254858
118 7.382793367645746
120 4.539615900515021
122 -0.916290731874156
123 7.192686978976205
124 5.617369547190927
125 7.884897327357354
126 2.676096925347413
127 8.801710076345985
128 5.025664844959324
129 6.6986646995111325
130 4.862881684527463
131 6.240526244040843
132 3.0405942800091696
133 5.171861023404168
134 1.014589658248028
135 4.77327625869184
136 1.7303607872888846
138 2.848023792401604
139 4.885209079875598
140 -0.916290731874156
141 4.058196929335826
142 0.0
143 5.000016516249185
144 3.532875398491925
145 4.858077016994832
146 1.552434171234215
147 9.045814985515749
148 8.743377489057284
149 5.972175093291252
150 11.164462935231702
151 6.128714227971846
152 5.7204607241377845
153 8.532114777660281
154 -0.0180256920190379
155 5.932255605569372
156 7.178082709589719
157 7.703259095219744
158 5.915950089084886
159 8.815450610495052
160 5.368067933945245
161 5.552862598304218
162 -0.916290731874156
163 6.329467435605394
164 0.48463996232513906
165 2.031877588216195
166 4.653778107623582
167 7.552199878586029
168 6.433591576976184
169 5.885328554339256
170 5.110701488764647
171 4.046102460947064
172 6.791948312133404
173 6.384952153549053
174 5.397655186669813
175 1.5172352445773896
176 1.0788710150713163
177 5.548980171531062
178 5.613249030612889
179 3.9470304078908724
180 2.4540419064310974
181 5.646512445130599
182 8.757810951708894
183 7.4704926050545915
184 5.801710016191647
185 6.0966504871830285
186 5.545367397678848
187 9.480494431368921
188 3.0590371024316916
189 1.169736773213266
190 4.0199896865197875
191 5.998669798304122
192 7.672827873279868
193 4.893669583637019
194 7.087460287332805
195 9.364841734254657
196 7.008474759458619
197 2.2675311938326947
198 5.825300095984618
199 4.612775512519765
200 9.108327360364903
