1 0.40210572228840713
2 0.23639265855708808
4 0.11417141894876405
5 0.07332823732930355
6 0.07395568487216525
7 0.056752796868165825
8 0.17948611876578247
9 0.22184211762871492
10 0.11034943683653772
11 0.6131520185892796
12 0.2719388216488858
13 0.053665999822142346
14 0.13115379406821046
15 0.8595863059597878
16 0.12834399963343823
17 0.38620109002436526
18 0.0753907697710326
19 0.06453842542945279
20 0.07613288824779005
21 0.4474369146527294
22 0.5260214370128846
23 0.09316421056439272
24 0.22198250482595747
25 0.15330107480269498
26 0.42755306907735957
27 0.8033910608196602
28 0.34542674072262125
29 0.4904710723980139
30 0.24048892467854516
31 0.3773516442150698
32 0.31178834775744924
33 0.18777934737772983
34 0.4166666666666667
35 0.42266479051522865
36 0.421164663890849
37 0.13508740487279475
38 0.20547412425099995
39 0.07982122310965968
41 0.12369647540463238
42 0.15741845649612043
43 0.7182305580877244
44 0.08418636532434774
45 0.1542250607165771
46 0.3173609209884899
47 0.32328810595192703
48 0.19910007070668861
49 0.4557385977095142
50 0.0
51 0.3072189546501656
52 0.18094141618300205
53 0.6638963396311987
54 0.10468244645771468
55 0.16485128081253933
56 0.0928567673127004
57 0.1904976098665716
58 0.1919270714687886
59 0.10544718848164848
60 0.07735742207331449
61 0.10536907311228781
62 0.783994237827094
63 0.29961843120716025
64 0.09487806050294618
65 0.30460898148930887
66 0.2562996615466199
67 0.27130747078922784
68 0.10069960870726494
69 0.18592730442177788
70 0.09269332676725585
71 0.0
73 0.5844613248463482
74 0.6734264557623466
75 0.2192525693346234
76 0.1375663683690925
77 0.14456161867352915
78 0.09168671552349597
79 0.4992743571579836
80 0.2254173425182463
81 0.10281351919970798
82 0.06977802299058512
83 1.0
84 0.4964288670482459
85 0.5384709890413073
86 0.27750991905275857
87 0.10667267998248524
88 0.22846369861271276
89 0.1910655378493762
90 0.5329317794928007
91 0.16393512068393085
92 0.03935471128447805
93 0.1359888202041668
94 0.3390719709678933
95 0.18037616977702345
96 0.09302689213532107
97 0.12220681005808301
98 0.023776339171221267
99 0.4664000387692761
100 0.2726715444546641
101 0.24606224763576698
102 0.25828701514084507
103 0.7219960128845975
104 0.27994410300396777
105 0.11233652604162414
106 0.0
107 0.1194108963229875
108 0.4311571647332271
109 0.20081772731506872
110 0.16148123989468344
111 0.6922526601710612
112 0.41685185185185186
113 0.8457427350005694
114 0.10128543616494402
115 0.2749861980909082
116 0.19472696900182188
117 0.20305018313651704
118 0.1499292541011404
120 0.13267477168276212
122 0.9486033500538963
123 0.34374567517801574
124 0.2763903755264143
125 0.6456840768837123
126 0.0800217861612378
127 0.2771290932066567
128 0.23635226367561482
129 0.1484870133574267
130 0.17704136004828072
131 0.23240510077689133
132 0.06373176900309216
133 0.24995506181694058
134 0.2162573790399926
135 0.7001085640406637
136 0.12010915452039939
138 0.07131427510937162
139 0.19223491463345574
140 0.22617437280271635
141 0.15759073608104174
142 0.22230011879032022
143 0.2521319725648459
144 0.07900926399320395
145 0.16470745699579264
146 0.050030986624422874
147 0.2056713112893945
148 0.386478537377563
149 0.4649762729147999
150 0.35312666279196214
151 0.16114240338037458
152 0.42604995999766015
153 0.41175477750498995
154 0.10919531430066146
155 0.30096679011381583
156 0.43489299940627013
157 0.366173560953235
158 0.295900254010536
159 0.48981538558792453
160 0.09257576606582064
161 0.12735970316399098
162 0.046719989293936656
163 0.044444425714760157
164 0.09539359013002435
165 0.12987403788069407
166 0.2821230939853466
167 0.10529285653366126
168 0.6451263585241669
169 0.05072574477116386
170 0.08081063871286703
171 0.07921496440323544
172 0.2838653951268688
173 0.6813955438513918
174 0.2506227188712807
175 0.154421014570129
176 0.11667420448641014
177 0.22206589240657423
178 0.1292104714863666
179 0.15684175778373577
180 0.21060016369873788
181 0.2871040177641894
182 0.3190355755079389
183 0.08877461148435553
184 0.19971009535756482
185 0.23304835274621918
186 0.08175073447400845
187 0.21755980136272607
188 0.2138331359832116
189 0.2572023797732896
190 0.06114947757997859
191 0.27671717527914397
192 0.16388199840229314
193 0.24347952988676885
194 0.9981687285060766
195 0.28331493648158157
196 0.5072252590089287
197 0.23234901133236932
198 0.07114254705743198
199 0.10629790931681603
200 0.5549694289306564
