1 0.03633033903771922
2 0.0329400986194301
4 0.026592042684502864
5 0.005492414416327129
6 0.0067566200269531225
7 0.004751820439040859
8 0.017744326914865508
9 0.035274464564797076
10 0.012124695342847732
11 0.06135885682313631
12 0.02124903256214949
13 0.006283396444783457
14 0.011319911471872115
15 0.08971535687815396
16 0.010401316605431215
17 0.04173681004018149
18 0.008293161096256498
19 0.00794347701760979
20 0.006847569661703796
21 0.06635355075253262
22 0.05497093496943578
23 0.011932449909623383
24 0.020899590594098627
25 0.018932562432533606
26 0.050910375517030246
27 0.10457051628381459
28 0.037251847935599935
29 0.054036687156363415
30 0.03502601380453637
31 0.048433542427601416
32 0.030560533664709295
33 0.024926708439429346
34 0.05888957835928145
35 0.04812471283090351
36 0.04478857740070908
37 0.011269579058188782
38 0.02956439491994084
39 0.016176392575250557
41 0.015854043400337987
42 0.017401631511414165
43 0.09084587842439842
44 0.009058194055726679
45 0.014030058514013956
46 0.015994579075468564
47 0.06195365407255036
48 0.02060876600243434
49 0.04243204319681482
50 0.0
51 0.03889386129234055
52 0.018863140815062292
53 0.0625532833320101
54 0.007806545760518964
55 0.02535411613918912
56 0.008787356785885169
57 0.018062859903736277
58 0.02473402059156146
59 0.0181679611857217
60 0.007038630405644584
61 0.015748713123984848
62 0.08575413322227822
63 0.03685991449661606
64 0.005481116504338412
65 0.022162917899798556
66 0.03533829090629472
67 0.04577990308109881
68 0.01250863635646065
69 0.026152126933836558
70 0.012972486677282494
71 0.0
73 0.06578321742033594
74 0.09204785679309335
75 0.026571912516399596
76 0.01752537735846515
77 0.01385190961205536
78 0.009274521650392343
79 0.0601796174745925
80 0.022978176807091643
81 0.008177827956205934
82 0.007038776561495658
83 0.12510736270443254
84 0.06661152356131798
85 0.05618845637520171
86 0.04766326757914631
87 0.013913115414269109
88 0.03597942503778625
89 0.024324686000253934
90 0.04890437795032178
91 0.019847939973585773
92 0.0036624682187910967
93 0.014531890822861725
94 0.04525797428051042
95 0.016232931645395136
96 0.012716151709821875
97 0.014663530690738833
98 0.0023996524162597493
99 0.03825457873052452
100 0.026518243925359005
101 0.04496361046553542
102 0.029232480514949834
103 0.0899011187363351
104 0.03448984390825876
105 0.008834982279920522
106 0.0
107 0.013164215471073359
108 0.04847714638777183
109 0.030628978297640438
110 0.007472482190508768
111 0.11611679798170049
112 0.06613351103355482
113 0.12646588423348806
114 0.01251808255517237
115 0.028156144756399337
116 0.013711122115242134
117 0.026701572212235257
118 0.014047712571193598
120 0.014348071952295798
122 0.12422718041309035
123 0.05429680191394511
124 0.030184828662955597
125 0.09515345404015224
126 0.00989062143788458
127 0.04016900680733231
128 0.04006277645973617
129 0.014257115559713148
130 0.014266966422275821
131 0.01789393080578412
132 0.0058026667436259765
133 0.024005640358374863
134 0.03557599960428865
135 0.09693908027819412
136 0.012938298078267081
138 0.006636211776455905
139 0.020830270155439846
140 0.02935211875781703
141 0.0163784943703942
142 0.021964022564038007
143 0.02631421784035853
144 0.007962897180197184
145 0.02246643766436758
146 0.006105042442454218
147 0.020599693062471988
148 0.04675256703118382
149 0.061267102635215606
150 0.03554220497937543
151 0.026888950160585887
152 0.05773755392814109
153 0.05309369260555624
154 0.01885557058467165
155 0.03070236175144471
156 0.03842192129667037
157 0.03770349729748774
158 0.0454960434158646
159 0.05546651765960757
160 0.01564399714671748
161 0.01488339438673366
162 0.004619613671279255
163 0.004509648828537121
164 0.007881455029396215
165 0.010413690409192721
166 0.035834034459309265
167 0.015292089168398129
168 0.09215683162938729
169 0.002784389203563327
170 0.0079357163635729
171 0.006447787036416671
172 0.030178191087884217
173 0.11233186699690387
174 0.021914612275438564
175 0.01837178210467607
176 0.010871777580965181
177 0.019458198905434976
178 0.023370981510392404
179 0.017726826063478633
180 0.023401357178749305
181 0.03301208028826799
182 0.038251149347729524
183 0.009915778342652691
184 0.007746733896602917
185 0.04222985910236524
186 0.006854137786008786
187 0.028034777921405445
188 0.020015325519574537
189 0.039882071431625504
190 0.0037677859868191946
191 0.04226934569819498
192 0.01811623638118037
193 0.019907425268130153
194 0.15726729742897227
195 0.018984989950294788
196 0.06829267079179602
197 0.12502403024520856
198 0.0074150956111946565
199 0.012718758573184883
200 0.06879462008737425
