1 0.40737688682563095
2 0.14247994562720837
4 0.5381553201719971
5 0.40338044773369774
6 0.4377812051881302
7 0.33765629789559715
8 0.012968578025470363
9 0.46813816169944195
10 0.3187328076429858
11 0.0020244666153272947
12 0.544013117229468
13 0.5697656914700515
14 0.3205939595932811
15 0.0020507571294402613
16 0.4102705831846631
17 0.24412539170934475
18 0.29435322209681136
19 0.0
20 0.532480174660586
21 0.06259925143681834
22 0.05894638152319577
23 0.5168394019736762
24 0.32277685094403014
25 0.46287638475724474
26 0.005996451303010728
27 0.013763016210391282
28 0.41257626202561476
29 0.0
30 0.3053901266700197
31 0.4167862476119909
32 0.053628565892838535
33 0.5375586385360802
34 0.32015776864143103
35 0.4161384358633223
36 0.36471489308814997
37 0.3571003464982576
38 0.5021147142626786
39 0.4734502331404026
41 0.5213926992356261
42 0.4250244098754924
43 0.30518256559696855
44 0.3327592198638892
45 0.421111308991628
46 0.30990970105013066
47 0.12444313886887362
48 0.36847546963509126
49 0.0
50 0.0
51 0.16317445968209432
52 0.486158544564447
53 3.440865599354519E-4
54 0.5751633363195117
55 0.007066067686876728
56 0.24456982591376022
57 0.32499017379977574
58 0.025940078060765495
59 0.46098985722035235
60 0.5419721409513594
61 0.46673796158348535
62 0.001119761440395404
63 0.0
64 0.5018549883430614
65 0.35191478786602637
66 0.19653393196127744
67 0.04257739005620451
68 0.428472792153851
69 0.33071617077659693
70 0.0
71 0.5116994796970834
73 0.018304607361455786
74 0.004116844377270887
75 0.05475875838845224
76 0.4667316923127941
77 0.5174289558248342
78 0.46642100883132287
79 0.33689084023517474
80 0.051270214372861715
81 0.5925377471804953
82 0.31926508806182946
83 0.0
84 0.0051759112139639595
85 0.43221949496749623
86 0.3243529682979951
87 0.18149485033913232
88 0.4626635151745405
89 0.06887169070487312
90 0.03788352995628485
91 0.35998911592262833
92 0.0
93 0.0
94 0.4809579683069599
95 0.3132152664746418
96 0.45978088910591647
97 0.500986426843168
98 0.44998639531453505
99 0.4110595829720377
100 0.419406000797354
101 0.24681884626612718
102 0.14967134455735337
103 0.005847228074676862
104 0.22760570776441705
105 0.5095928282621724
106 0.0
107 0.31110170674089643
108 0.4942712121605415
109 0.029929335963403914
110 0.493229729403907
111 0.002866604137720365
112 0.19997602552470137
113 0.0022398053266519304
114 0.23828229623889072
115 0.40282983650084214
116 0.4427652726277273
117 0.11780209840281797
118 0.3259262067772498
120 0.41426366704254597
122 0.0
123 0.05361078636162597
124 0.42659582112516065
125 0.0052899622295937065
126 0.2217508660618013
127 0.1552038977796904
128 0.24203961611484845
129 0.33976732953121
130 0.4945405869348454
131 0.31866979489861735
132 0.44249798930070977
133 0.4459380090830647
134 0.274009811813206
135 0.004098839444928179
136 0.4233000250496934
138 0.453618643742026
139 0.5044100177029359
140 0.0
141 0.4492496132414186
142 0.0
143 0.5430741857321573
144 0.5756076004068562
145 0.4742256465487809
146 0.2852436831037771
147 0.20644153914454197
148 0.015489042013005336
149 0.2017456124991389
150 0.45320533387113554
151 0.42253086699913006
152 0.41865373854099286
153 0.046016790131327055
154 0.3066164404479218
155 0.4060321718303645
156 0.02315909540125716
157 0.20298652824759963
158 0.008563059183947303
159 0.31670470357373115
160 0.4923607843743336
161 0.499723092934407
162 0.0
163 0.5644947460385512
164 0.354358073499669
165 0.4015590633806604
166 0.4699502331536918
167 0.4340734021902343
168 0.00628472425453433
169 0.47939296598794745
170 0.5246833989057219
171 0.5016922824796046
172 0.07465983006387683
173 0.036140491704242404
174 0.43301027958337407
175 0.347039667928628
176 0.41485003644332336
177 0.5214590254387826
178 0.5322168475548764
179 0.4953708040595748
180 0.5325563835088324
181 0.021036033077259406
182 0.14272115188534315
183 0.5832725419553304
184 0.0048781327258127635
185 0.5099046237706345
186 0.0
187 0.13122641717625178
188 0.507912549630821
189 0.25544782046419995
190 0.5240232853778113
191 0.31465339085978433
192 0.3657954541491804
193 0.44296328800269147
194 7.064175854866522E-5
195 0.16374632557887447
196 0.22186869651875557
197 0.4193560148890643
198 0.5037666643667446
199 0.5070813837864635
200 0.2687533544465834
