1 -0.26149098468434057
2 -0.07061474629833915
4 -0.21645023489655335
5 -0.24376263272638427
6 -0.2825574794461687
7 -0.16681481957979347
8 -0.08281088846553157
9 -0.13922995704114757
10 -0.182851273053489
11 -0.008608783912362973
12 -0.2640668566232933
13 -0.3264282202743552
14 -0.2077103570940128
15 -0.02178719851925265
16 -0.2274909981138581
17 -0.037867375784885915
18 -0.2425965735215941
19 -2.0967206713041047E-16
20 -0.3083389133132591
21 -0.09118609748772144
22 -0.036900792624871816
23 -0.2966674129058962
24 -0.19273515924618084
25 -0.24188287244896914
26 -0.07351929594620532
27 -0.03528372091722857
28 -0.25613406166506714
29 -2.2626313135857327E-16
30 -0.18025031792265622
31 -0.07660837976787198
32 -0.03520381429808722
33 -0.31986437929516964
34 -0.28630727402699624
35 -0.19068864283153183
36 -0.23924701362586429
37 -0.22265800593995616
38 -0.1271292394868793
39 -0.28033072489398203
41 -0.3140681493056057
42 -0.22211651524584639
43 -0.039367036386436634
44 -0.1410485005659955
45 -0.27347209543688455
46 -0.08278420972564611
47 -0.040532379709343314
48 -0.05976584406549174
49 0.0
50 0.0
51 -0.06668150202839725
52 -0.24227166658848842
53 -0.013185894571348354
54 -0.2844843587161673
55 -0.02166847404295969
56 -0.183755926838384
57 -0.1820868711632376
58 -0.027735275158492754
59 -0.2228636710454796
60 -0.05784089970051135
61 -0.3298514519540152
62 -0.05581942795030346
63 -2.186151248774105E-16
64 -0.26385216369323466
65 -0.2272431322183972
66 -0.04249999783010098
67 -0.06508255039102061
68 -0.2661903090499933
69 -0.2086849197801289
70 0.0
71 -0.036535165367255595
73 -0.06149575077167159
74 -0.0342146522062237
75 -0.09298187540870659
76 -0.3142015204797145
77 -0.33612716671258575
78 -0.25640019384977125
79 -0.04429885531904834
80 -0.04340533043719352
81 -0.3217263035964044
82 -0.22427260249135472
83 -1.286408793836831E-16
84 -0.035695454322210614
85 -0.20337595602943545
86 -0.20912412712677514
87 -0.09171490318180765
88 -0.2609357018242659
89 -0.060516108834321396
90 -0.04414580315075971
91 -0.2361830484349656
92 -0.2523301872852003
93 -0.21936634732158278
94 -0.2769406420038724
95 -0.19849062205625692
96 -0.2867346028720973
97 -0.31088996662547574
98 -0.2511960808442312
99 -0.17785016695212263
100 -0.09263663139144428
101 -0.07581250942647026
102 -0.07161611678594546
103 -0.0039550393588431215
104 -0.10068298579385004
105 -0.29466922200768586
106 0.0
107 -0.3452469466321713
108 -0.1915210843996599
109 -0.039063569816303226
110 -0.28109060438313477
111 -0.01275438713094036
112 -0.16623863248248422
113 -0.004342454902703269
114 -0.14482930169313635
115 -0.21630612558005669
116 -0.2828368781331634
117 -0.07990769478873064
118 -0.22180052828848335
120 -0.2043592306456397
122 -2.0967206713041047E-16
123 -0.02819575695952833
124 -0.2654837125856541
125 -0.01802950303469077
126 -0.14672577678978954
127 -0.09063492185043746
128 -0.07677801252888168
129 -0.17947148778515595
130 -0.322728110212469
131 -0.05749974866117238
132 -0.3020378008701169
133 -0.25338123265897083
134 -0.2560895132434252
135 -0.03948232981095383
136 -0.28134684565419904
138 -0.31604874997974447
139 -0.29780962221095747
140 -2.0967206713041047E-16
141 -0.2640350326324077
142 0.0
143 -0.34464072947172797
144 -0.3739656196585768
145 -0.30594914253238953
146 -0.13948033988777725
147 -0.05414019148089499
148 -0.03701577539116053
149 -0.09446320563622757
150 -0.11817204880591436
151 -0.2686011961976241
152 -0.26085623054318463
153 -0.04388594219596361
154 -0.20405106318230673
155 -0.19811035166445887
156 -0.046514660398601526
157 -0.22235547680724388
158 -0.02906470203999574
159 -0.0374469632615387
160 -0.27063381902741407
161 -0.28115776595112163
162 -2.0967206713041047E-16
163 -0.2255120163027481
164 -0.2205681032975399
165 -0.2780811168741011
166 -0.28990572433827294
167 -0.3040204406609808
168 -0.02163696714546254
169 -0.2659660573101904
170 -0.32827996074407073
171 -0.3038391799199246
172 -0.07315225707151028
173 -0.06311864368672113
174 -0.25540974290824253
175 -0.19923653758684337
176 -0.27668448367265813
177 -0.2575068279506646
178 -0.35944768100087915
179 -0.28283235282767505
180 -0.2947243539470119
181 -0.1398800244957566
182 -0.06443630786967532
183 -0.336281799327957
184 -0.021415362720311713
185 -0.2879926780317703
186 -0.23233227209685126
187 -0.06280942328422487
188 -0.31380274073800396
189 -0.16137621900675167
190 -0.3338137504158619
191 -0.19879336515132004
192 -0.208216984806771
193 -0.2028504233882636
194 -0.0010466210037819372
195 -0.05076876672381001
196 -0.024929958316087332
197 -0.247029645723374
198 -0.30134462972173653
199 -0.3242281402558552
200 -0.052538212442303174
