1 0.002175961213452334
2 2.4042978734206113E-4
4 1.3661617759393245E-4
5 2.5515415697249485E-4
6 1.2385908562163905E-4
7 5.443365992953959E-5
8 2.3784185917952672E-5
9 3.630992106777036E-5
10 5.632754797101496E-4
11 5.206351209663921E-5
12 3.1576940355082495E-4
13 2.950904753831101E-4
14 1.1248406732221749E-4
15 9.767044718251525E-5
16 8.022832581397413E-5
17 1.7527417052363517E-4
18 4.054821787068809E-4
19 1.5475424999826466E-4
20 8.332418113922178E-6
21 6.445891342844069E-5
22 0.0012342459265451617
23 1.0948054423400354E-4
24 6.0165799881843016E-5
25 1.4650755819282942E-5
26 6.062474874434616E-5
27 7.017848521796702E-5
28 1.7733672634956974E-4
29 4.7903721095970857E-5
30 4.798370916470912E-5
31 1.0460621949347654E-4
32 9.174738889109385E-5
33 6.684947758426012E-4
34 0.0020976565384549692
35 2.5753190542085964E-5
36 0.0026183313791187566
37 2.1140639101638434E-4
38 5.715824272246022E-5
39 2.792529617195821E-4
41 1.4924735878180022E-4
42 1.9318512272149132E-5
43 9.141014491456186E-5
44 1.1039082087596822E-4
45 4.897531322624205E-4
46 5.494453019690093E-4
47 1.6290970870499563E-4
48 8.994688217196244E-4
49 0.0014225439336970598
50 0.0
51 6.563913357456459E-5
52 1.4182623918687843E-4
53 5.322195628099321E-5
54 1.5758307063892208E-4
55 1.0784405172883864E-4
56 1.0055993708519552E-4
57 3.6729797145594953E-4
58 6.144810006817441E-5
59 5.316339643020798E-5
60 1.9041818621065926E-4
61 1.8388930746485147E-4
62 2.886134217323574E-5
63 1.8727991402311278E-4
64 9.835862927015E-5
65 0.0010352106792343475
66 1.0355504234293797E-4
67 1.1440756490222285E-5
68 7.303224939504024E-5
69 5.028860524324419E-5
70 5.582654773035446E-4
71 1.734586092634595E-6
73 1.107027992842907E-5
74 6.336124716802848E-5
75 1.1638439150753955E-4
76 5.166430812790448E-4
77 6.717565784672908E-5
78 8.699114105315065E-5
79 6.02349312716387E-5
80 3.95253225947002E-4
81 2.548854174971413E-4
82 2.271774046745319E-4
83 0.017265137766242236
84 2.7104454356734172E-5
85 1.4746629104764582E-4
86 3.234603981673011E-4
87 3.477078601935838E-5
88 3.961041952195855E-5
89 9.130114716401443E-5
90 1.5480193082494865E-4
91 1.3560158190369342E-4
92 1.9186991218093422E-4
93 3.8856817407217984E-5
94 5.1716157225781586E-5
95 5.675568033684665E-5
96 4.0937461933717654E-5
97 7.102246723901816E-4
98 1.2435317734782475E-4
99 2.3723698560347664E-4
100 2.0092723300958856E-4
101 2.485194978340893E-4
102 5.741342694763542E-5
103 1.376520891385951E-4
104 1.2461517335966838E-4
105 1.1550543334083063E-4
106 0.0
107 0.0012268982662072508
108 1.9533598894962422E-4
109 7.292702459423502E-5
110 5.562110612812462E-4
111 2.6066085139366847E-5
112 0.004623600269521531
113 9.84387348362131E-5
114 1.3116160345418162E-4
115 2.5427266563636448E-5
116 2.787931100536073E-4
117 6.930195542245836E-5
118 2.2112851748170897E-4
120 5.3440650310516595E-5
122 9.914141297417778E-4
123 8.752196291398206E-5
124 1.0330545741218682E-4
125 2.6786191820553067E-5
126 3.966650689694098E-4
127 1.0059281627950277E-4
128 4.384592911691026E-5
129 4.306561384553777E-5
130 9.724443411810216E-5
131 2.14149720113841E-5
132 3.070910976134824E-5
133 5.4010505170318364E-5
134 2.4994245613616515E-4
135 1.1412475033021547E-5
136 2.0016456396814274E-4
138 9.939793572480222E-5
139 0.003424103607116169
140 0.0016654040126250376
141 1.1190820363575028E-4
142 1.3491275013647531E-5
143 9.035695133906091E-4
144 4.996186385400336E-4
145 7.38618308164533E-5
146 1.4538190986565367E-4
147 4.575063502012666E-5
148 2.842494975779944E-5
149 5.691409657385684E-6
150 0.0014610859005521467
151 1.4170294211772713E-4
152 1.216281563531799E-4
153 4.5875602115336654E-4
154 6.576145188960608E-4
155 5.080763241240771E-5
156 3.9633173372771307E-4
157 3.8371944417036914E-5
158 3.3145272736622805E-5
159 3.596814772315586E-4
160 5.5312891847915046E-5
161 1.3344155035680973E-4
162 1.1422630977458019E-4
163 4.661682550669788E-4
164 3.790279735757701E-4
165 1.4532310279882898E-4
166 7.595080666191797E-5
167 2.2085737773193016E-4
168 8.340954703571389E-5
169 6.000653988685494E-5
170 1.2425412296852893E-4
171 1.5831243592768674E-4
172 1.8380441151302242E-4
173 8.636977894836272E-5
174 6.978009325930021E-5
175 3.3669911973674806E-5
176 3.7117021413879766E-4
177 1.3404298576750822E-4
178 1.8754538731999306E-4
179 1.48963075026002E-4
180 0.001282585428692253
181 6.313985493474403E-5
182 7.259207637566839E-5
183 4.4684294324253624E-4
184 4.737127907762817E-6
185 7.42369263538972E-5
186 2.8459723958528573E-4
187 6.270819105461431E-4
188 8.522298578275106E-5
189 4.146172923399804E-5
190 3.6071699248214E-5
191 6.879795104583587E-5
192 1.6184471929668799E-4
193 1.6003848906908023E-4
194 1.5912012106060325E-5
195 0.0010415535130081502
196 1.0549512988561601E-4
197 0.0025073031097621948
198 6.34182193740391E-5
199 1.91131426453676E-4
200 7.551341959578635E-5
