1 75.33483005602523
2 3.6410084795852664
4 2.0489008656208614
5 0.8398184367737345
6 0.34149676330147466
7 0.6630373964910798
8 0.007259898574057751
9 0.17310832951187657
10 2.9585102940714707
11 2.5489240630682564E-4
12 2.002333404496459
13 0.8240250724839002
14 2.562342936410322
15 0.008420708735663543
16 0.1395014200744061
17 6.8674834773440185
18 3.776748367217379
19 1.052649551768621
20 0.2392463833472547
21 0.2751762166904843
22 6.921236760608286
23 0.6840302723994403
24 0.03719020910017578
25 5.12873017107181E-4
26 0.01820973600729109
27 0.37434361931463306
28 2.128756061525836
29 0.001757341542896747
30 0.17820746033817617
31 1.1919438183970696
32 2.780040729300269
33 23.05851377576111
34 8.077559442945581
35 0.3066432883861437
36 15.45947404103485
37 1.1795262139286482
38 1.3158274506291479
39 1.4126061647952943
41 1.1539508691808273
42 0.04828676387583422
43 0.0015510943101953597
44 0.039806293818970814
45 2.3551608758668277
46 2.7231796978561635
47 8.51412304652377
48 4.881905939756515
49 5.061121584353346
50 0.0
51 0.021503398472266656
52 2.4080950636149168
53 0.004215798392322851
54 1.7644354828284612
55 0.07703238594551463
56 0.29712384586672835
57 0.986652365975773
58 0.03743532526607839
59 0.2688633012025094
60 1.164043790859329
61 7.11226297012137
62 7.72767492404359E-4
63 1.807903122831706
64 0.45571202783454395
65 10.53654972390701
66 0.299194360504804
67 0.0033100751229296274
68 0.23435139554602127
69 0.013616307374678718
70 1.363467345894414
71 0.0
73 8.629302322126531E-4
74 0.01744491155952729
75 5.987327398152066
76 3.0569897223517444
77 1.5260844052540061
78 0.030692141569778075
79 0.05386963346717325
80 2.1699472367438335
81 2.546804014771191
82 1.4979513050545101
83 47.00140949040627
84 8.735274014697946E-4
85 0.5405995667579557
86 0.6305428023446628
87 0.037662218503288845
88 0.04974720193593416
89 1.4512495433856551
90 0.14091872050603138
91 0.013117477876841073
92 1.0857522065626146
93 0.3442862603990455
94 0.0015108667570249432
95 0.057311532786921325
96 0.007956353204703441
97 15.44734197823264
98 1.025462122590044
99 2.033437664887986
100 0.08925197503107773
101 1.7400462772331642
102 0.0027001588406553897
103 0.005930278487658827
104 2.0869873309102327
105 0.1087864925612627
106 0.0
107 3.2447105129926075
108 0.23877370147213486
109 0.05640349247928778
110 2.989368249956923
111 0.03926730000524885
112 22.525597429963952
113 0.04396063709092293
114 0.43705539682157307
115 8.838755549519432
116 2.012977433606454
117 0.957231007534524
118 2.089059898675626
120 0.09485526329009976
122 0.9606283778929122
123 0.22462725601842376
124 3.085647361280457
125 0.32355831962722753
126 2.376186337911252
127 0.03680593704860692
128 0.015515062505428938
129 0.002151683463261578
130 0.28061306649017453
131 0.016708670273883678
132 0.0015543251004995285
133 0.006652440233537937
134 1.0369461693946296
135 1.737313892242682E-4
136 1.3925597312883355
138 0.021016233622526446
139 1.7505885389662206
140 7.929773108428905
141 0.02020894079076542
142 0.025088251589871217
143 9.281255227545017
144 5.041810708279596
145 0.37717623653921944
146 1.2655028714147365
147 0.002517425755989078
148 4.564462730771473E-4
149 0.009916326439170758
150 11.057204278325347
151 2.9882242441731073
152 0.026243127621552106
153 4.5868199931721945
154 17.20423519183005
155 0.09822101847121352
156 0.2773381038867265
157 0.15906044575846673
158 4.7400877957922815E-4
159 0.14859846582538366
160 0.37473229771377614
161 0.2936883720992308
162 0.1868405735217592
163 0.9808025870815339
164 6.715962896774103
165 1.4608951269095276
166 0.1690660316108286
167 4.571813237370405
168 0.0022053905531885776
169 0.2618818265634236
170 2.142535982159259
171 4.281471332851836
172 11.488141053136264
173 0.9351440578725816
174 0.07491264894389918
175 0.0013294264571461845
176 0.9339327143226218
177 0.28450555278268425
178 3.9488200574479646
179 1.9721785577927426
180 2.9815662113884702
181 0.022619929815785235
182 3.4825778935469605
183 3.9979411400309535
184 1.1716633020399939E-11
185 0.061455641661620604
186 0.4035585449273513
187 2.73399349043692
188 0.016359439279516802
189 0.018241135221853215
190 0.21735972158492514
191 0.05430267797736905
192 0.6563279402475044
193 0.38865557311018356
194 0.028370789327276345
195 6.392103358940389
196 0.0034623552339997
197 18.174021183911083
198 2.110712804848789
199 1.184970196393808
200 0.027464041948127696
