1 0.005857173116593709
2 0.0569832757062814
4 0.10266036063746112
5 0.0020958126599979155
6 0.02194332036434586
7 0.0020016583083925254
8 0.031335584684379504
9 0.00568849465977119
10 0.004000202864321443
11 0.02013182938484316
12 0.022153844739867014
13 0.024606178594601572
14 0.03536006984664896
15 0.02855124975431908
16 0.016297756620277465
17 0.029049448768869182
18 0.015991278629807742
19 -3.9399306874198816E-5
20 0.011676002118787098
21 0.028776539379508224
22 0.05899007585080164
23 0.04101697257914967
24 0.014782655795939507
25 0.022485041518954606
26 0.015338363023994436
27 0.04685280693108687
28 0.0947763402184901
29 -4.64199058927808E-5
30 0.04321623874681747
31 0.036051770503947506
32 0.048113317545013884
33 0.05424573775749431
34 0.0018140212264470762
35 0.021074240493498004
36 0.053541573740804725
37 0.03508007390992696
38 0.016885625661569002
39 0.025174597720736096
41 0.022447509429966366
42 0.003963616955030957
43 0.018208689045654213
44 0.014198029261742661
45 0.020947208736806906
46 0.035072794618599065
47 0.14910696303719634
48 0.06399145164994277
49 -6.784784511038817E-5
50 0.03711995249198911
51 0.12439276865032442
52 0.003834476757976356
53 0.05351032665899601
54 0.013526744806634645
55 0.0315709610586241
56 0.0038634782828848007
57 0.00427263046101319
58 0.01951392523894762
59 0.027816942100905562
60 0.023916085467463658
61 0.012482506526402098
62 0.009313488837616892
63 -8.061266657131821E-5
64 0.012454497106302715
65 0.04868759273806407
66 0.06926570101760676
67 0.06520172555281975
68 0.03552892793943433
69 0.07873136705005562
70 0.0
71 0.00958221821957685
73 0.0180285018206507
74 0.10333142634597366
75 0.046589882769578275
76 0.006152659136931239
77 0.024488323087238046
78 0.005060438495104879
79 0.02130981895678978
80 0.049867998234730565
81 0.02292231921815726
82 0.0038877665493900117
83 -4.4235196391455445E-5
84 0.009911143180551484
85 0.01861149419205818
86 0.05538454489472096
87 0.003178967899184634
88 0.013469347155024325
89 0.08281733861983619
90 0.038704052426061224
91 0.006197051541109841
92 -3.378244077920922E-5
93 -3.316529583443885E-5
94 0.008849660895196974
95 0.006544334557164632
96 0.014279262673752213
97 0.02499371113639693
98 0.007639192718704044
99 0.016972264243191534
100 0.016763202605481385
101 0.06461475476702161
102 0.007096889265609023
103 0.06199645274083978
104 0.03540699363377904
105 0.011712651487159546
106 -1.2391091984731875E-4
107 0.005758257627176901
108 0.0105598505707556
109 0.08155679772962876
110 0.03172655199373427
111 0.05984019828886975
112 0.0028518492521306276
113 0.023363442170919586
114 0.003936551628291303
115 0.005193210736205876
116 0.03590665702178915
117 0.056775968682847455
118 0.029350309037626303
120 0.014728010711448854
122 -7.788177257104851E-5
123 0.12039341964237923
124 0.038907050567470326
125 0.02655789005757479
126 0.004084827683421779
127 0.01861512203858752
128 0.008348389064615715
129 0.014389123652715517
130 0.0435873146586675
131 0.0063798043355693425
132 0.011726327161456808
133 0.013134132413981977
134 0.010179518624626831
135 0.00745691911601544
136 0.0033568802809933016
138 0.007778547977239994
139 0.012871750949902065
140 -4.679448507350699E-5
141 0.025774985712429137
142 0.0
143 0.06716443101970612
144 0.03462155495442725
145 0.021526705403117175
146 0.009478355975226305
147 0.028465713805440888
148 0.07142921312368743
149 0.01620400371583083
150 0.019557714606957224
151 0.032988266834840636
152 0.06535460584170827
153 0.07818675677227502
154 0.012830266297727128
155 0.01342173244736356
156 0.031004277572436532
157 0.003647710658801957
158 0.05403748639901664
159 0.09911924546051167
160 0.032673394701101185
161 0.02974455520707043
162 -7.167826752935674E-5
163 0.023866443281519583
164 0.0017069366020968245
165 0.028216281506217633
166 0.012587271965940663
167 0.07301806680741292
168 0.037933095170950115
169 0.015459914771496025
170 0.0377059862998533
171 0.011816803919037173
172 0.10250451701829526
173 0.06560799570588413
174 0.010565614621801667
175 0.0045581362202975
176 0.00829792514084859
177 0.020198240523090112
178 0.05122108224813139
179 0.006142526826498384
180 0.016331820880811906
181 0.009548103633908298
182 0.07017207029607782
183 0.023651487038971745
184 0.014774778413800826
185 0.04625894806489242
186 -4.5863947324862826E-5
187 0.11207705155422501
188 0.009122806217711296
189 0.003822858298679589
190 0.024498106722544908
191 0.05125638219859362
192 0.04893973746714237
193 0.02680743200305538
194 0.05702968532118924
195 0.05593567195894815
196 0.036855854098836224
197 0.010833995147202511
198 0.022530096348504194
199 0.03567216312454084
200 0.014523618879804663
