1 6.941943765950166
2 18.34749172489586
4 11.164737652138072
5 0.459658459387515
6 3.5067895790557007
7 0.0565775581924597
8 13.771522582049677
9 0.7980575478578554
10 -0.4726984065127778
11 17.375691513584567
12 9.001177874071285
13 1.9642073069183563
14 5.92705784466347
15 9.12192720913553
16 2.3964723259350564
17 48.203046208039055
18 0.920082891315528
19 -5.4403623366305764E-6
20 1.4947518102390511
21 10.723415443210506
22 5.345615370877402
23 7.229682779505469
24 4.748140674473312
25 3.5467919242747286
26 11.378437803403555
27 34.29565320422448
28 32.56010177131497
29 -3.035702834490877E-4
30 9.107950444536328
31 13.453420321726226
32 25.626148194449947
33 4.968425108226359
34 5.058133312078524
35 6.292222148232009
36 15.922067938617284
37 5.885088230338983
38 2.799972125041445
39 4.533817605288036
41 2.879457904355796
42 0.35050128319127594
43 21.533087187107306
44 -4.405197522491105
45 10.96748474734501
46 13.272262824637782
47 10.177434420837011
48 20.008364984900588
49 -0.021083185751538117
50 4.256362661786002
51 10.229040286436685
52 3.524917465528627
53 10.982904074955917
54 3.0893401807350416
55 1.3696014138551724
56 0.12215627300993805
57 -3.1016389383550895
58 5.583540315370167
59 8.515963077259514
60 3.32993402972294
61 1.9992507442054834
62 7.486804121464843
63 -2.054804185844125E-5
64 0.8285385176917317
65 4.045512371973181
66 12.883403633771996
67 14.203970113481716
68 5.164227451553069
69 12.399722818456942
70 0.0
71 0.4494182252457627
73 18.83177221794699
74 20.672665800325372
75 19.4523948367894
76 0.647281437055606
77 4.782705853866139
78 0.28384535889796525
79 2.8959806019819587
80 3.1056680347348107
81 3.4323415075575765
82 0.18879822327880463
83 -0.0021518900024432327
84 10.690110041483019
85 4.237882312441537
86 2.9180359033495344
87 0.17108680701849838
88 2.496580579984362
89 25.606247057561244
90 2.678796042640097
91 0.11304794054427345
92 -7.733794788613546E-5
93 -5.440509689838217E-6
94 0.28832723262373877
95 0.9553683415705411
96 0.9962250990792132
97 3.7160553575298936
98 0.5874688548386786
99 0.2950760298043343
100 2.561218948237114
101 42.800401457672365
102 1.0271081940053204
103 5.683615379964458
104 0.17068164142548894
105 3.3161312279150343
106 -4.145234937589466E-5
107 0.09060125683119158
108 4.615757307908202
109 27.113733918768272
110 2.8700952860664932
111 7.07447476585953
112 1.868814525181702
113 0.7381058819136027
114 0.5310606787088524
115 2.5920068555416447
116 5.022106893259424
117 30.23624631969036
118 9.801570783640955
120 1.3448427116751798
122 -5.44058685506193E-6
123 20.611175801345603
124 6.266829705002913
125 9.928004672824628
126 0.27078692886680344
127 5.559788916338063
128 0.7136080155175499
129 2.060012948358847
130 10.19397460684424
131 2.3898396108254825
132 0.6052943837510729
133 1.6719440607754668
134 -6.24644200439558E-5
135 17.468148140105114
136 1.3190010458082115
138 0.3287860431688437
139 4.265188631497599
140 -5.440625432573769E-6
141 2.6771466533090322
142 0.0
143 6.508602278429994
144 5.666596030948719
145 7.078813568373164
146 0.6441653460175314
147 15.501531260723052
148 31.38622056089729
149 17.70947591466223
150 8.211188455625916
151 3.626620904861693
152 10.009555324129726
153 9.081871158399313
154 0.24775290195038732
155 7.4778546623733035
156 3.7847720249026935
157 2.3946819316335355
158 30.270231088148783
159 4.293321544643316
160 4.8474833235001284
161 2.201404875451634
162 -5.440674526309063E-6
163 0.9049959165488007
164 0.10019271469224482
165 2.85764534894859
166 3.7641961728640547
167 11.133258860953555
168 13.056453719141652
169 2.812487075030936
170 5.210256575278167
171 1.356662327077586
172 33.16037828867928
173 10.711223437219054
174 2.4225852960650918
175 3.0915600558969656
176 0.9825847288922465
177 4.37511182834376
178 3.829695096036344
179 1.384383811763251
180 0.39466623425381137
181 5.963781019028982
182 42.86701419685476
183 6.662632685569532
184 8.294833234134845
185 12.885527217132164
186 -5.313089396093619E-4
187 11.743237696861692
188 4.52204863810169
189 -0.07273360465911345
190 3.79086869235556
191 10.126371250614733
192 27.660523576821724
193 1.894037086217568
194 14.188813048650355
195 10.648197355188236
196 4.948907629278073
197 1.7414983507656399
198 4.642711533925692
199 2.6201088429729618
200 3.8937702651603696
