1 1139.8076628402948
2 126.42053324111089
4 247.08652447692577
5 2005.3054324477876
6 2549.2471491713172
7 10.331025828643519
8 17.463619165245685
9 50.267449669303055
10 0.6230893048854999
11 11.706737970513863
12 28.933425408714427
13 23.440053529669655
14 446.64017886843357
15 13.53327541575228
16 44.485885293624264
17 331.13815620817087
18 281.5848326677637
19 0.0
20 354.991456175276
21 65.37001074453427
22 870.811855287702
23 94.41237454121192
24 22.80317766937502
25 40.42058246810281
26 62.06401045654151
27 13.79395865384893
28 1188.4103141092914
29 0.0
30 106.66075958923089
31 136.60574985149415
32 62.10456831507687
33 10370.914286058765
34 481.43576499391526
35 18.31946503169008
36 254.2651956452825
37 2513.7353358812347
38 2538.519918777103
39 2739.9146594888175
41 1789.9909249929015
42 2546.344824586313
43 123.26621465601859
44 0.09254044389659519
45 278.16579356542263
46 372.5567493422538
47 745.5041397171846
48 3773.4428462847404
49 0.0
50 0.0
51 311.46870513880873
52 121.94939932632661
53 211.2769989307187
54 45.2985199767844
55 110.66899175340295
56 3527.272941657116
57 0.22107361982948262
58 80.62791888827562
59 1101.4394222702035
60 2160.162231083047
61 16149.609220419587
62 13.93275276481357
63 0.0
64 516.5224896684291
65 4444.269475091769
66 49.041360679572115
67 69.02992113908617
68 290.76751991386254
69 416.6365607348905
70 0.0
71 13.379970924998988
73 6.597012395854775
74 132.36718556055504
75 24.760165435461374
76 401.8880068121395
77 2071.6623479444256
78 389.96232150099075
79 124.65322267931104
80 53.75021433548593
81 440.1990926672447
82 411.3300305253965
83 0.0
84 11.899630165710214
85 325.30046108497635
86 999.073744479165
87 3.607870150391887
88 159.32364692278742
89 214.26133021013962
90 113.49780517375258
91 10111.042204741616
92 0.0
93 0.0
94 207.3731514296828
95 9.375149347287406
96 976.405853718394
97 125.39159661186518
98 5718.8025940285515
99 14.754809833688476
100 573.8802455402787
101 10283.014091884932
102 96.703628453514
103 88.5905606281433
104 14.213592740756035
105 17.281631650056084
106 0.0
107 12784.396048351016
108 176.17167175312701
109 609.1437742138856
110 126.00947643861856
111 45.12618153130258
112 1811.4595049782567
113 98.35511364515143
114 5.8998652654221315
115 106.70254531871147
116 526.2429778635508
117 105.34834681487948
118 888.9401165171404
120 7.616062196082056
122 0.0
123 68.52092352824559
124 319.3549313239358
125 9.40792185754918
126 33.31720716280192
127 40.07637964630334
128 1247.6021544007924
129 51.60276036345806
130 661.4722974237985
131 154.33550433578026
132 8475.33978275818
133 395.40047273579813
134 0.0
135 5.227184782234622
136 1936.2157856293761
138 16620.08049351267
139 938.6695105004607
140 0.0
141 1612.4813893051105
142 0.0
143 11447.720350328806
144 1920.6210130721718
145 262.2331206922027
146 42.08484103587553
147 55.55501469170998
148 65.95294126717164
149 18.74101167092077
150 1229.2335795302643
151 792.0267507935091
152 292.6520248876539
153 567.8108564898332
154 672.6461164328148
155 209.34338979979793
156 113.25969505056814
157 244.1305291996
158 95.21249760118411
159 2008.4330136117067
160 679.2751519853331
161 69.34481689765319
162 0.0
163 143.4810766015969
164 4485.841727853206
165 4882.5097810553325
166 208.2069527864873
167 6694.576876810744
168 9.169215321307975
169 335.8987426949
170 1088.3648632487275
171 350.6980920726475
172 69.80145312211381
173 8.654041260179483
174 2183.080666001761
175 300.3338072552134
176 3616.159247696025
177 770.9782012233284
178 3948.4099328621974
179 851.3468070845436
180 5.169859788805976
181 78.84340417404236
182 87.99610806789711
183 887.1700406610508
184 172.08943796110572
185 1202.2851312923642
186 0.0
187 6079.297146801541
188 420.09356718551794
189 1.1793495617475256
190 710.7393521166223
191 69.2563399818247
192 344.5360414704022
193 3.936891167753383
194 0.9392470380275618
195 1530.06168805736
196 154.93652526206793
197 817.6938020481288
198 2130.528235274778
199 1919.5287270196152
200 27.26015813033816
