1 -0.39816781925641254
2 0.006858453266866542
4 -0.16964471855894547
5 -0.39916703140231846
6 -0.09160470307323254
7 -0.2816686978959007
8 0.010325695565069744
9 -0.3467836952498981
10 -0.44690196985782754
11 0.004807558530401301
12 -0.03795385998174665
13 -0.24658675107062575
14 -0.02123468759239746
15 0.005624328772224907
16 -0.10158031364848792
17 -0.05988038706102425
18 -0.286194157717192
19 -0.5000151181006843
20 -0.23511648510329444
21 0.02221127426255598
22 0.04907089435759706
23 -0.24165276576917344
24 -0.045030572406120704
25 -0.14649553060156054
26 0.006640109397573613
27 0.007105052674014156
28 -0.08813113384159288
29 -0.35357477152575684
30 -0.04213546436800657
31 -0.08571727489497902
32 0.029607346283454055
33 -0.1501251709628147
34 -0.4434169749704606
35 -0.08488446977920558
36 0.03710175415719773
37 -0.0066731518605339215
38 -0.2193244588071728
39 -0.3435219248152725
41 -0.18131716507720858
42 -0.38641927455268915
43 -0.04223628546288882
44 -0.19040721285353995
45 -0.08072212564838974
46 0.0836337177997361
47 -0.1299035367672532
48 0.01745898487568833
49 -0.3535747701699066
50 0.04416961864697316
51 -0.014873226943682904
52 -0.1861944820932629
53 0.008702241533054466
54 -0.2206316857631611
55 0.018610093964799967
56 -0.29702788340523334
57 -0.4458484510215227
58 0.013335652284228805
59 -0.1339528373592862
60 -0.22941172721571385
61 -0.3471633547534056
62 -0.1748581026923043
63 -0.5000151176881894
64 -0.1721679507549044
65 0.020259528742549094
66 -0.0112025835150483
67 0.039884344958623884
68 -0.07677655285848331
69 -0.056732906118672814
70 0.0
71 -0.24415764190330652
73 0.005536082775806661
74 0.02941633007726383
75 0.02083826291823441
76 -0.34723692853215826
77 -0.2613523838562551
78 -0.3473462809998213
79 -0.054633247567755075
80 0.03665218800166712
81 -0.16526403746851503
82 -0.44357478364846603
83 -0.5000151172311749
84 0.003867949834642648
85 -0.0781796734081022
86 -0.015918703929406298
87 -0.24618160993286956
88 -0.14665148071355438
89 0.022344324187861385
90 0.01635938932539762
91 -0.4400151172311748
92 -0.500015117231175
93 -0.500015114266527
94 -0.32996565530323235
95 -0.20741640597964534
96 -0.25598052478591266
97 -0.1201305675572272
98 -0.42501511677420317
99 -0.0889647278567873
100 -0.08193166148925449
101 -0.0803624354844891
102 -0.15466803067207946
103 0.015986741945538573
104 -0.1369617940058437
105 -0.13315158849970174
106 -0.28870169013493935
107 -0.44816326277145446
108 -0.19733037183403215
109 0.017709008482718953
110 -0.053422499310879216
111 0.007521763126252201
112 -0.259842229458332
113 0.006431108513821282
114 -0.23655250275038875
115 -0.09718262787150918
116 -0.06562510181624905
117 0.004095575585058208
118 -0.0192660989644727
120 -0.1118132378360531
122 -0.5000151081952007
123 0.03927957427933075
124 -0.07726315411715626
125 0.008813433468384842
126 -0.3143866176583509
127 -0.004246959960688801
128 -0.2766171870180089
129 -0.11143094304013232
130 -0.151747585887613
131 -0.051522247798872774
132 -0.38190443537827057
133 -0.1495054904990457
134 -0.4315344096279354
135 0.007671331349020816
136 -0.38688027879136566
138 -0.3690627315451327
139 -0.1912438644717731
140 -0.5000151050237645
141 -0.23391553228685563
142 0.0
143 -0.17034003764498734
144 -0.24503307288635748
145 -0.13846471692708556
146 -0.25301322521966585
147 -0.022886732415370082
148 0.016567268310024866
149 -0.030698705986531547
150 -0.1691873950256569
151 -0.07998862237871614
152 -0.08168585317499626
153 0.028698510384810416
154 -0.44891082702305873
155 -0.09414822895636756
156 0.025498547877251233
157 -0.21008016644605962
158 0.011028847137177588
159 -0.0431956776092679
160 -0.15247264765278729
161 -0.14739772604085258
162 -0.5000151021523073
163 -0.2190612871907656
164 -0.4276798858108308
165 -0.39487952131046067
166 -0.1413346083483801
167 -0.06718449406442804
168 0.01161927737126559
169 -0.13542591552783154
170 -0.13159878091061358
171 -0.19290615132436423
172 0.031170753890953373
173 0.01860302879573559
174 -0.3762274537794721
175 -0.2619334842533891
176 -0.39632452043278976
177 -0.23937392311884015
178 -0.1581272649351772
179 -0.3082068154112243
180 -0.23421820759037537
181 -0.16866355497816374
182 0.0032067293673178434
183 -0.12799127552222347
184 0.0034533544066438493
185 -0.13952671166940014
186 -0.5000151106715728
187 0.06130548923936143
188 -0.24606562866291223
189 -0.2798435637487599
190 -0.2075182468185891
191 -0.032759526857690804
192 -0.03273672822546015
193 -0.08691011253757765
194 0.013578016913623982
195 0.09794120224381772
196 -0.02047285937743799
197 -0.24180309242617978
198 -0.1450425317001644
199 -0.1896872231462645
200 -0.03964810293632006
