301 2.1384554953468616E-5
302 8.226321553403834E-5
303 6.020803242446966E-5
304 2.7897754111501815E-5
305 8.173529933446342E-6
306 3.15016858135478E-5
308 2.8409605378080742E-5
309 2.3230436218231156E-5
310 1.5156734734601209E-5
311 3.749150115606599E-5
314 7.563223637063042E-6
315 3.193835911009035E-5
316 3.4095614797799134E-5
318 1.1203627039216707E-5
320 3.1708472370853243E-5
321 2.087629191315919E-5
322 1.2309294096141917E-5
323 1.2174211649204792E-5
324 6.861911769874318E-5
325 6.20721588051377E-6
327 1.575051751300863E-5
329 3.0402477042511218E-5
330 2.6837925094686592E-5
331 6.493503821379571E-5
332 1.9645320211673298E-5
333 2.386528161316075E-5
334 1.2182527955241714E-5
335 5.552118271480328E-5
336 7.768501832274192E-6
337 5.8040689001852195E-5
338 6.957613777582394E-5
339 5.051227984602535E-5
340 3.161453950633958E-5
341 6.068194851633302E-5
342 2.9159239920070406E-5
343 2.56127601732443E-5
344 1.9381713084024872E-5
345 5.7443435281528383E-5
347 2.7454052224541662E-5
348 5.787719009835127E-6
349 1.5376349148747217E-5
350 2.1660823402124298E-5
351 1.439484950552167E-4
352 5.096292181923643E-5
353 6.270731915365791E-5
354 1.5237387487489068E-5
355 1.4450355677005952E-5
356 6.254581250308448E-5
357 2.4984607876861616E-5
358 6.331579922215707E-5
359 1.2057896834915642E-5
360 3.72827365491359E-5
361 8.347489123861125E-5
362 2.3594876453846255E-5
363 3.3919239887687356E-5
364 1.1052287064455452E-4
365 1.1814989213182811E-4
366 2.4252253135295813E-5
367 4.700532096809236E-5
368 5.492005569551328E-5
369 3.066143146634504E-5
370 1.6053329423495454E-5
371 9.175639858126749E-6
372 1.3667936582689315E-5
373 2.6595811761969613E-5
374 2.1315915583351596E-5
375 1.7979213950146254E-5
376 9.175703029119423E-6
377 3.918043216187014E-5
378 7.176150305343173E-5
380 1.6465682713596308E-5
381 2.1384496584369657E-5
382 2.531852183633178E-5
383 3.6093672349677914E-5
384 3.8865096185976516E-5
385 3.192790526031841E-5
386 2.8302922273449123E-5
387 4.5691113317797976E-5
388 1.1422461982461358E-5
389 2.140249043450327E-5
390 2.7633949889723767E-5
391 2.5492457793044835E-5
392 3.334963233716459E-5
393 2.1431937840856646E-5
394 2.4437310840634804E-5
396 4.332732685536205E-5
397 4.2768730421858455E-5
398 5.7987078551942205E-5
399 2.0970355823582032E-5
400 3.511954444014696E-5
401 2.181463036191134E-5
402 1.9884081275379037E-5
403 1.0707142221357627E-4
404 5.0935774325053654E-5
405 2.843622775502963E-5
406 5.1741678163638864E-5
407 1.985048982336536E-5
409 6.835052422949084E-5
410 9.020352294145569E-5
411 1.985861620873477E-5
412 5.898842036418007E-5
413 2.732243777069697E-5
414 6.586844701380581E-5
415 5.832036773057984E-5
416 4.6802225754400034E-5
419 1.5450016547723335E-5
420 3.74209332313549E-5
421 2.8679028579064013E-5
422 1.2429348996420978E-5
423 3.420197293344665E-5
425 3.237081903011995E-5
426 1.9520179376163255E-5
427 1.9580869143861275E-5
429 6.0292982710591814E-5
430 6.535739282601013E-5
431 3.0857077394913476E-5
432 1.2729251503427713E-5
433 6.3760444201196555E-6
434 4.504167413263076E-5
437 4.968489637729637E-5
439 1.796912886764672E-5
440 3.99259325413518E-5
441 8.700275354848777E-5
442 1.2471857948190578E-5
443 2.3797762750047103E-5
444 2.4411851219956647E-5
445 6.001244048109336E-5
447 1.4140474255083996E-5
448 2.900964721216194E-5
449 1.702241939543294E-5
450 7.587933268510628E-5
601 3.3849931045754207E-5
602 4.205434962242081E-5
603 6.18612709088227E-5
604 7.53664481922695E-5
605 2.0756414237488657E-5
606 1.9971020902630672E-5
607 3.722668871105065E-5
608 4.904443456557498E-5
609 1.789049698949907E-5
610 6.489551066418559E-5
611 3.6636394838960775E-5
612 4.746533180228868E-5
613 2.2176428003897612E-5
614 2.5378378025940964E-5
615 3.692191028042649E-5
616 4.373411019192163E-5
617 4.000382723929343E-5
618 6.105314031268608E-5
619 1.4043721303817053E-4
620 5.478487229528614E-5
621 4.1827016119493406E-5
622 1.7359826131205716E-5
623 3.0271829225505822E-5
624 3.557050170270497E-5
625 4.004047986694037E-5
626 4.102842653131692E-6
627 2.0209354361754396E-5
628 3.22193927383331E-5
629 5.019080540828587E-5
630 2.6249186472482372E-5
631 3.323370004618039E-5
632 2.58935062741076E-5
633 7.20865143786578E-5
634 8.734458023674793E-5
635 6.081241127324209E-5
636 2.1797449152149214E-5
637 3.414541669043735E-5
639 1.8143450909975437E-5
640 1.0985097115324264E-4
641 2.7489438438872383E-5
642 8.067261203205007E-5
643 1.7307125452004395E-5
644 2.4290045017337212E-5
645 8.528316604997056E-5
646 7.670814340611741E-5
647 3.689146773594315E-5
648 4.328260586631556E-5
650 3.860658590525924E-5
651 1.1106122955092066E-5
652 6.61486819392882E-5
653 5.5611637503834295E-5
654 2.105389149091292E-5
655 1.2095172202425227E-5
656 2.6940355776219194E-5
657 2.5974915014530185E-5
658 4.206079509408401E-5
660 3.051860096588569E-5
661 3.6960744563443925E-5
662 5.3713767835846356E-5
663 4.93137490911866E-5
664 9.96521411236092E-5
665 3.0237485800232516E-5
666 4.245934323229758E-5
668 1.7107950838949088E-5
669 8.671284922159786E-5
671 6.649723343835777E-5
672 3.406345581282226E-5
673 4.3393095596233155E-5
674 3.90193030458025E-5
675 2.147608617574035E-5
676 2.3131979178712616E-5
677 3.2439006634440694E-4
678 2.8058550815268486E-5
679 4.070190177940048E-5
680 2.4180137386104164E-5
681 2.4844348828130482E-5
682 2.585397024111736E-5
683 3.9665877039677544E-5
684 6.10083321187792E-5
685 2.7914339250110057E-5
686 1.16666914260293E-4
687 2.777270325927993E-5
688 1.1985358503620465E-5
690 2.539355297928652E-5
691 4.606172583265349E-5
692 3.696679090008156E-5
693 3.7382320420841026E-5
694 6.275481423717779E-5
695 3.485938141226622E-5
696 2.624413912066078E-5
697 4.204189549526165E-5
698 1.9089788261797008E-5
699 4.343163575449029E-5
700 3.441567854677434E-5
