301 7.685182076348965E-4
302 0.0035237263882932747
303 0.0022184879631206187
304 6.080119204251516E-4
305 2.554198587673999E-4
306 4.983440068138028E-4
308 0.0010575353149776736
309 4.941197862858348E-4
310 4.6002515000017735E-4
311 0.0010703192082112396
314 3.1733153053753417E-4
315 5.034168657072832E-4
316 0.0010659864408649332
318 2.4205237350530278E-4
320 0.001032666886866692
321 4.8509802507170025E-4
322 2.070955191350724E-4
323 1.1920408639490012E-4
324 0.0020764780767577613
325 2.4689348359283183E-4
327 3.7671426293079546E-4
329 9.274728557359901E-4
330 0.0012414396716648299
331 0.0013672729147942407
332 0.0010436600319421096
333 0.0010501510660441819
334 6.633986935913713E-4
335 0.0018398737576876868
336 2.84024682789665E-4
337 0.00171175691294924
338 0.002288056695116851
339 0.001691057026384618
340 8.617674662227859E-4
341 9.342002012118248E-4
342 6.428430506415115E-4
343 4.8080901243734267E-4
344 4.698484798060909E-4
345 0.001054554455783592
347 2.716508326757168E-4
348 2.9330748063555737E-4
349 6.456909654422581E-4
350 3.8392729440640035E-4
351 0.0031788874024499614
352 8.632072629012924E-4
353 0.001237242527097232
354 7.194235144853095E-5
355 3.84685974231181E-4
356 0.0026888853184811024
357 5.574812852059759E-4
358 0.0
359 3.136614591407676E-4
360 9.812313668114303E-4
361 0.003553464198863091
362 4.0933760536904473E-4
363 6.600841509631304E-4
364 0.003017765206860207
365 0.0038230238527362514
366 6.794560676291984E-4
367 8.327277484862265E-4
368 0.0020149156108539568
369 6.573224816057596E-4
370 4.034314048440384E-4
371 1.5726875096468853E-4
372 4.2344219074574483E-4
373 9.855490088816804E-4
374 4.071329537175465E-4
375 6.64375397212629E-4
376 3.970735779925916E-4
377 5.336269604648692E-4
378 0.0015651204815747325
380 3.8631761058271786E-4
381 1.1630419584592379E-4
382 0.001067974730928924
383 0.0011525287322161973
384 0.0014891398897662765
385 0.0011544127727633863
386 7.000348212931294E-4
387 4.7250172887493866E-4
388 3.2911018847006803E-4
389 5.340134251188325E-4
390 0.0011256585506226023
391 8.254706041035671E-4
392 0.0010734063401923906
393 5.261101202114845E-4
394 5.936524675305117E-4
396 0.0014835337860898594
397 8.965789819494695E-4
398 0.0012119350029278846
399 2.554162883711908E-4
400 0.0011017307519208628
401 3.1924691290256466E-4
402 3.914703766662372E-4
403 0.0046491151810704795
404 0.0018041542753008837
405 7.97652342151565E-4
406 0.0018114480150810556
407 7.314777274372714E-4
409 0.0015260465454879663
410 0.0029094053648939734
411 5.312356971257215E-4
412 9.474701000312877E-4
413 0.0010975151599498312
414 0.0012906685717335015
415 0.0024821334775156326
416 0.0022767914460906993
419 4.762853597876411E-4
420 0.001457707162648678
421 0.001180328743592586
422 2.489257007503875E-4
423 4.4032547546894014E-4
425 6.556268949245448E-4
426 4.4249841932582015E-4
427 7.538825392394792E-4
429 0.0023541687628149594
430 0.0033221072966738985
431 8.596429655170057E-4
432 2.4378925854689283E-4
433 2.622369670545654E-4
434 9.901780134620511E-4
437 6.729577724898037E-4
439 3.428829018578919E-4
440 0.0011192893128221411
441 0.0022725097034481355
442 2.8331376947663583E-4
443 9.259203531832669E-4
444 9.579298864509702E-4
445 0.0019458828950885778
447 4.378045902939118E-4
448 5.823461193587565E-4
449 7.48139185373221E-4
450 0.0019866068818670595
601 7.672952160710787E-4
602 0.001396548971532652
603 0.0015035452877110004
604 0.002317584971862869
605 4.0208198194776213E-4
606 8.029021900663046E-4
607 0.001087367767397821
608 0.001754884718056637
609 2.2090353162852177E-4
610 0.0014060433014563506
611 0.0016677133566462272
612 0.0019898041902182313
613 6.18850735024686E-4
614 0.0017457787685510738
615 9.39382360623644E-4
616 0.001078853459319701
617 0.0010833879925415194
618 0.0011730840017989631
619 0.0035193208060347466
620 0.0014601720114642274
621 0.0011367140967655258
622 8.728490890598504E-4
623 8.038730382565707E-4
624 0.0015984505420853785
625 8.122294484156356E-4
626 7.652226059901816E-5
627 2.513595941778716E-4
628 0.0020476795855271387
629 0.0016184509901286822
630 6.788043860870473E-4
631 8.176800835881437E-4
632 5.630426667990614E-4
633 0.00284456070265954
634 0.0022812079255454644
635 0.0021611209156402055
636 8.664431820727286E-4
637 9.960679955451322E-4
639 9.242136925981136E-4
640 0.0028523459643982874
641 9.325743132372303E-4
642 4.966503118582734E-4
643 4.4291371272368174E-4
644 1.822796063151421E-5
645 0.001990813655957042
646 0.0012706603392656827
647 6.135601404170873E-4
648 0.0010842995666510674
650 8.282615538389575E-4
651 2.637966613599933E-4
652 7.53532437219464E-4
653 0.002182507304914104
654 4.078777890329156E-4
655 2.0682841534091584E-4
656 8.423815811771061E-4
657 7.437997814056993E-4
658 5.365532325057228E-4
660 0.001062039659896717
661 0.0012460171065738234
662 0.001495864784559346
663 0.001503075835154935
664 0.0020963835215702642
665 8.342984066647862E-4
666 0.0019869223857605237
668 5.311783993564291E-4
669 0.002031986318586979
671 0.0021752127275115767
672 9.409403577688543E-4
673 0.0017319956087603443
674 8.653614013460949E-4
675 8.662734797582372E-4
676 0.0010136811730527026
677 0.00942244059361474
678 0.0011578677281459595
679 0.0012543720816290374
680 5.943947346486191E-4
681 5.591917630149432E-4
682 6.814282193781972E-4
683 4.2221016439928743E-4
684 0.0014781342800436784
685 9.484513937026046E-4
686 0.002439507441236608
687 7.467506629676465E-4
688 3.0325522297384837E-4
690 4.451039085372183E-4
691 0.0011392157130662257
692 7.676894332588006E-4
693 6.237902239155129E-4
694 0.0020450739537649274
695 7.0651485284356E-4
696 0.001562238515046304
697 0.0011155180317267415
698 6.585652340668535E-4
699 0.0014023693201894432
700 6.58083967985118E-4
