301 -0.1386817887347585
302 0.0163449660145358
303 0.009533013171527585
304 -0.019901954579880397
305 -0.10500477890829295
306 -0.13739968609645256
308 -0.16768945540298982
309 0.007663291089469826
310 -0.2029071114866191
311 0.01185616139677341
314 -0.2999283932277684
315 -0.1890191213215093
316 -0.1855492448314156
318 -0.1460852330643542
320 -0.04288769308503078
321 -0.06523915889298278
322 -0.4999942644371254
323 -0.1118516806788549
324 -0.46094310715676
325 -0.22766547478637522
327 0.006360514370083947
329 -0.10000317668654637
330 -0.2633135800813411
331 -0.2970548781468453
332 0.004749619461020172
333 0.007305316660456236
334 0.00580790862288647
335 -0.024297771608205898
336 -0.2588620153193208
337 -0.22405504810633356
338 -0.02290433729958082
339 -0.14856587749680575
340 -0.38610545877558455
341 -0.03870349188704249
342 -0.09723337591764764
343 0.012128520111713729
344 -0.17381016106225083
345 -0.11698313551594465
347 -0.22761099788959785
348 0.006846235339670703
349 0.0068480048283470095
350 -0.26250255458820143
351 -0.04731834406627263
352 -0.14907544390124278
353 -0.16617496404101975
354 -0.1530302492486626
355 -0.1007898613051633
356 -0.039411193214188456
357 -0.2604260492373256
358 -0.09655423234389772
359 -0.2864953389603048
360 -0.26322916065784596
361 0.012094693597653612
362 -0.14046620491314776
363 -0.10470887471925666
364 0.01736972271984437
365 0.012025834294230764
366 -0.16833328237088285
367 -0.30813969854924267
368 0.015869634746533023
369 -0.15056877256251808
370 -0.2179220620253814
371 -0.2999780974067241
372 -0.2733121978695463
373 -0.0705841269081491
374 -0.29264676785724475
375 -0.20953325742744586
376 -0.5000115997485491
377 -0.0911278155174645
378 -0.33545018384708686
380 -0.015307007923632815
381 -0.24708277199665557
382 -0.01067830431730409
383 -0.08238047702928467
384 -0.0447532902530659
385 -0.05109962027634806
386 -0.017425129471186813
387 0.008503061651252298
388 -0.09601099602297723
389 -0.15522099540407833
390 -0.12828024083990502
391 -0.08300018757194641
392 0.0050164222011870735
393 -0.38932073708944814
394 -0.3989673692776893
396 -0.1041661693645033
397 -0.16681939295324547
398 -0.1712501814453925
399 -0.21417726607598744
400 0.005412137737447265
401 -0.11770086560000183
402 -0.44945675439205024
403 0.012457256469727295
404 -0.09535920741820694
405 -0.2735349640085879
406 0.008726867263053915
407 -0.10970105400124545
409 0.014762780848758395
410 0.012814484625191464
411 -0.14242671677817859
412 -0.03870348950152448
413 0.00619254090471838
414 0.01654447669192119
415 -0.09633767120296263
416 0.00997691231936636
419 -0.030922015874188566
420 -0.026834970726170408
421 -0.05427963819397481
422 -0.11818695985668026
423 0.009641940326577794
425 -0.05943511965483643
426 -0.281454266773514
427 -0.1679579226406472
429 0.017943379706189828
430 -0.1690914530613661
431 -0.01567420803544376
432 -0.18785904768750078
433 -0.18904049843638418
434 -0.15363902458799647
437 -0.07429020786817003
439 -0.050524682102513624
440 -0.1947321422833336
441 0.01385899889825809
442 -0.3535697918331918
443 -0.08106852774452938
444 -0.13932888031619012
445 -0.07610202703091709
447 -0.34860862263348336
448 -0.1518536382610186
449 0.006706897323086258
450 -0.0908632560397195
601 0.008667835283428259
602 -0.028578912087808096
603 0.0129774946249483
604 -0.05729462678167382
605 -0.24591689079211063
606 -0.3535697936970398
607 -0.12319389622892386
608 0.006568317081582731
609 -0.09934855664129223
610 -0.1682328736578148
611 -0.09412561154236827
612 -0.01039054032934969
613 -0.17175377704790007
614 -0.13406676829076497
615 -0.009460568579983328
616 -0.007670401360364611
617 -0.17103534925221595
618 0.010357068506373092
619 0.012813101389103817
620 0.01372656740869358
621 -0.04270644851508071
622 -0.22019053214107964
623 0.006450747720245128
624 0.0061643975148445
625 -0.2798853248840615
626 -0.4439466930234455
627 -0.3353396939559737
628 -0.04479726599415403
629 -0.14801626567380907
630 -0.4616668762288351
631 -0.058734147780946426
632 -0.12495087134976285
633 -0.13416252975106405
634 0.011587459855322465
635 -0.11517070681007223
636 -0.18984186419383992
637 0.008759520629445471
639 -0.1498150576380924
640 -0.16928643047407052
641 -0.04813548276960552
642 0.009381010302748228
643 -0.060260134724944084
644 -0.1951016078000353
645 0.010447818047276777
646 -0.09073771349769875
647 -0.008156174816585376
648 -0.09985817931553294
650 0.015371859240000368
651 -0.191906330953216
652 -0.0965274490930021
653 -0.05016732276426101
654 -0.22724591390069018
655 -0.33231062671492306
656 -0.06298733973054706
657 -0.263320135789272
658 -0.13923223739727253
660 -0.06227595437582581
661 -0.11181456888789822
662 -0.10203141757315204
663 -0.19004061896142435
664 -0.05504139276115178
665 -0.1733371471224903
666 -0.17017200240823496
668 -0.09993988131858753
669 0.00771831522464671
671 -0.17020971809682112
672 0.007439986682933264
673 -0.1361807361029008
674 -0.1517610645352526
675 -0.10779497062296202
676 -0.20585166070769698
677 0.03968156598453497
678 -0.20009415518929824
679 -0.16585891457422994
680 -0.08044689599912457
681 -0.20901349709317435
682 -0.13536690063537776
683 -0.3354010744849353
684 0.012947990047335385
685 0.007937716128542216
686 0.006203108932980355
687 0.004780489843742365
688 -0.0942078628169766
690 -0.012836947080952425
691 -0.025040339554058044
692 -0.12891873071140497
693 -0.0806304187496708
694 0.01616636398201703
695 -0.02553620987856753
696 -0.11712921903442904
697 -0.3288099428246761
698 -0.12030670664019925
699 0.006819387148228639
700 -0.0981901368319385
