301 0.0010657914808852192
302 0.004576010609389385
303 0.003131915804633984
304 0.0011565683125419751
305 7.540609940262744E-4
306 4.011978866303246E-4
308 0.0022051856525806346
309 0.0017610492084414462
310 6.23683614310994E-4
311 0.0018028994669923649
314 7.116097698460796E-5
315 4.0756098333639273E-4
316 0.0017526094680425778
318 6.393952248025076E-4
320 0.0021498745798781706
321 6.607528665177639E-4
322 4.049322339833649E-6
323 2.987737053529645E-4
324 2.578447460876608E-4
325 3.0114861401869884E-4
327 0.0012025092184658676
329 0.0016711963137049303
330 1.1697978903623809E-4
331 4.894797942201086E-4
332 7.552024324520168E-4
333 0.0011761318409727075
334 0.002850085136645751
335 0.0024489110114543334
336 3.504934117946407E-4
337 0.0035486590531005743
338 0.003161408525603137
339 0.0013706334499310377
340 9.246328685977888E-4
341 0.0010079797346104738
342 8.848053973304108E-4
343 6.865203395700034E-4
344 8.290627207436902E-4
345 7.678847127456138E-4
347 1.7392026955428193E-4
348 0.0018895747619387452
349 0.0027185045153093447
350 1.7551582135365648E-4
351 0.0027876033620294087
352 8.010081583717563E-4
353 0.001724480191735173
354 1.7296488155118102E-4
355 9.126117110909171E-4
356 0.003497600723029441
357 4.971439731556169E-4
358 0.0
359 1.3593444314685256E-4
360 4.505991119336502E-4
361 0.004538912928726551
362 8.062219228718759E-4
363 0.0013709235234803585
364 0.009180634864217304
365 0.0044060099738371964
366 0.0013375974016864782
367 0.001529623301660154
368 0.0029982678402095796
369 0.002271996561337169
370 2.576967303876486E-4
371 6.06782788738235E-5
372 4.448025758662819E-4
373 9.618315155994631E-4
374 7.654173990651013E-4
375 7.851524940361994E-4
376 2.314617686699552E-5
377 0.0015682930172587477
378 1.4430699886464415E-4
380 8.478025750900523E-4
381 1.2924875367776128E-4
382 0.001183603676232411
383 0.001464438120251855
384 0.0016880832947834606
385 8.927100647440022E-4
386 0.0015559890096315707
387 0.0011876674314940856
388 0.0013444503656064794
389 7.172254122607749E-4
390 8.737479248933949E-4
391 0.0013994781918607114
392 0.002332354854151389
393 7.55051980393579E-4
394 3.400586816034316E-4
396 0.0019911562249317416
397 0.0010649817781661437
398 4.668013891160716E-4
399 4.779414257089133E-4
400 0.0020494185983184286
401 3.1919967029166255E-4
402 9.807585520573152E-5
403 0.006972111268099725
404 0.0013972778687146882
405 2.5882895429289087E-4
406 0.00424396012152176
407 8.622667189528834E-4
409 0.0024405287345701373
410 0.006432706577748484
411 8.025724689290723E-4
412 0.001007979734610474
413 0.0024327361848750753
414 0.001739878705648477
415 0.0016088048623838789
416 0.0051824536999101785
419 0.0011712969336414906
420 0.0037247035001489884
421 0.0019985820308670126
422 6.043893292475023E-4
423 3.222955031149469E-4
425 0.0020199236053062447
426 1.2268325820510598E-4
427 0.0015153457951945714
429 0.006423601088557517
430 0.0035247681560293762
431 0.0014262707495206917
432 4.084769005033179E-4
433 5.157470732459403E-4
434 0.0011486072913133205
437 6.12637199614981E-4
439 6.749152824435114E-4
440 0.0022345435102398862
441 0.004806186487330002
442 2.6103169663839657E-6
443 0.0010603555120892822
444 0.0031653434004782505
445 0.0015816852020785427
447 8.374794451838571E-4
448 8.099381242627721E-4
449 0.001332311636728745
450 0.0016081635327964946
601 0.001359282103683078
602 0.001053872432014888
603 0.0018412371277033398
604 0.004098055789646118
605 1.848006173345129E-4
606 0.0
607 6.477582773311068E-4
608 0.0021270170756488784
609 5.311739129649513E-4
610 0.0017960056026083088
611 0.0012840862409445341
612 0.0024514971720341503
613 6.95153739927992E-4
614 0.0035696961715109324
615 0.0014093281516855364
616 0.0015689101862305106
617 0.001141559935119592
618 0.001904168223328921
619 0.004380991207936942
620 0.002239365499777045
621 0.0011261897409764895
622 2.779694497734604E-4
623 0.0010275977846766111
624 0.0037775284869680163
625 2.687932736117586E-4
626 6.280266817150346E-5
627 4.2370096507811246E-5
628 0.001974520570401312
629 0.0016041705152097475
630 1.2058966297479754E-4
631 0.0015686667174350786
632 6.741621915695957E-4
633 0.001574924712074761
634 0.002413323848257611
635 0.0012799038516334222
636 0.001495358879533137
637 0.0031423827565386707
639 0.0013400345113696904
640 0.0016650928011624848
641 4.951101814349094E-4
642 0.001300607920917296
643 5.680907441790881E-4
644 2.9329163601190785E-5
645 0.003469951839205932
646 0.0026090747720358856
647 0.0010508063517984337
648 9.447209485010157E-4
650 0.0019412374056382844
651 1.1268887294190465E-4
652 8.56696548339085E-4
653 0.0027233816587210044
654 1.588344380290481E-4
655 3.194898612311535E-5
656 0.0016332606672209925
657 2.4372442386130842E-4
658 0.0011906932428369609
660 0.0018242698895072386
661 8.161210878047453E-4
662 0.0018491692350658825
663 0.0013804007497820229
664 0.0028937919877353602
665 5.049061269913306E-4
666 0.0021213477122233966
668 5.725709579663722E-4
669 0.002330236727935518
671 0.0023794645039969943
672 0.0028912341116105037
673 4.7436784013247976E-4
674 0.001662713659725203
675 0.0010208581654427822
676 7.545811768624759E-4
677 0.01588668361215313
678 0.0025853186847278465
679 0.0017063952395549075
680 4.650917835753255E-4
681 8.289516278170315E-4
682 9.284481233796549E-4
683 6.290080902675051E-5
684 0.0013148936104875766
685 0.0027385851261778143
686 0.0016813644548462872
687 0.0021762378036440985
688 0.0010256714806404228
690 7.730500177350935E-4
691 9.471252911462259E-4
692 9.136404946565055E-4
693 6.653243894063619E-4
694 0.006151563842865639
695 0.001086378853846316
696 0.0024155053938380946
697 7.118611832533782E-4
698 7.55724149575733E-4
699 0.002052996197534549
700 7.85210735721216E-4
