301 7.9285273657736415
302 8.58472555032372
303 8.192331514164431
304 9.914265530541298
305 5.33766003299282
306 5.5320082018859305
308 7.5342715152992685
309 7.336896605260327
310 6.4668216274688515
311 7.984222701625967
314 0.6206695893410398
315 4.194369160390882
316 8.845345663885837
318 4.655117804057741
320 10.224306226535056
321 7.899547218110606
322 0.8319332882707867
323 8.579475711329136
324 8.92243372095371
325 4.038087056005168
327 7.756470028831751
329 7.770171273858613
330 5.109109373932695
331 2.15301667021125
332 6.566333000282489
333 11.174159334459562
334 7.106935276416029
335 9.421022464617206
336 4.714684793490902
337 9.872966576735806
338 9.2857334178291
339 7.065718216026001
340 2.520134867510672
341 8.207856135425015
342 6.567068609553836
343 7.246008034859832
344 4.492431580939435
345 7.730401902605416
347 10.055125978025114
348 9.314903524107686
349 7.279423616417526
350 4.376420480151073
351 11.693344096111355
352 5.699028875091211
353 8.138975746870528
354 5.603847051395591
355 6.416455470330521
356 10.024019981404438
357 2.187409811439283
358 7.379087665515915
359 1.4662962854657684
360 5.811481318553091
361 10.797004608271324
362 6.526354880326667
363 5.888895575473302
364 9.523630702210996
365 8.72902391293748
366 5.354264729601258
367 3.0692162920361747
368 8.129889011427057
369 12.970674245988159
370 4.162546992161263
371 6.594637547670221
372 4.104174130656849
373 7.323178544801808
374 6.082617858098406
375 11.490176728106537
376 5.95484090219851
377 9.186963292171662
378 3.655528815678092
380 8.527318179532362
381 6.290811323781524
382 8.581771757852593
383 8.16353082302676
384 9.95840323640989
385 9.963232366828404
386 8.706126173271322
387 7.254939002579286
388 5.084844639103278
389 5.0691569207023095
390 7.8742368408799495
391 5.438679184844926
392 7.449507336149762
393 1.9794878192667098
394 3.400954342680202
396 7.807549188922498
397 3.608914565925753
398 4.09013604688461
399 4.835080440205238
400 7.7140697118421
401 5.803935813148986
402 6.54313578815588
403 8.394303993600506
404 7.217502709444508
405 2.185345896391512
406 8.041769433821077
407 7.295922982965396
409 11.83346588787369
410 9.146840841844083
411 7.20695851235936
412 8.207856135425015
413 6.684043514903367
414 12.233065880467795
415 9.953127723907219
416 8.104334061771606
419 9.365472324461102
420 11.510576636378213
421 10.339717833879611
422 6.440708052671793
423 11.663798250438873
425 7.921985322342356
426 4.8649921983752
427 6.647683223638083
429 9.485369797830336
430 5.249501487062079
431 7.718591849269832
432 3.430456103269837
433 7.1072666283070856
434 11.950951465660644
437 10.943926863890168
439 8.884688602588946
440 7.492780998956287
441 8.844288389318152
442 -0.730871511565802
443 7.661098940670703
444 6.434083888437952
445 6.805044632088994
447 7.365550092886721
448 5.009735261678866
449 6.82860600159723
450 8.446485397585084
601 8.998432722354384
602 10.918146975329575
603 11.496529049284403
604 9.532853978903443
605 1.8948250506004345
606 -1.2958307800932005
607 8.449859848478479
608 7.767365224981946
609 7.049325272970222
610 5.036291977701019
611 8.430415997944552
612 9.673082919701676
613 4.886799073384531
614 6.133712559817578
615 10.880142980784933
616 10.312114278963994
617 8.69779144081059
618 9.933948713898051
619 9.122984912484306
620 9.651643443562644
621 10.699313704385428
622 4.7242552519640615
623 9.530041112669753
624 7.4476849249018375
625 0.9599266602996445
626 1.386650801788855
627 3.471343342757715
628 8.406263980849676
629 8.524599048967577
630 8.552537813979148
631 9.776720790189625
632 8.122939466222325
633 12.253722626187598
634 9.290675818552675
635 9.646866814554919
636 4.366150162193085
637 8.479809437508436
639 5.02282902104782
640 6.149259951190655
641 7.682030340040474
642 8.78910658903606
643 9.95775762088521
644 4.330244039779206
645 8.273023716011696
646 6.8087634651149385
647 10.14260668919063
648 5.257243499157794
650 10.449605701156973
651 4.524252667296478
652 9.719231114312285
653 13.378778346024403
654 2.3465960114054263
655 1.9354240327216137
656 6.88660841959803
657 5.658173891609999
658 6.31325450567425
660 8.22705003298168
661 7.43143054847242
662 7.539390660993876
663 4.742500100792193
664 9.358082593858155
665 11.536840726533766
666 4.663450199975517
668 9.16912930844983
669 7.599407763720822
671 5.461673477343155
672 7.580573898600987
673 9.53593716195311
674 5.63594104799507
675 7.353685102638053
676 5.388097584014189
677 10.468338830418865
678 6.537970604716364
679 4.250159645560441
680 6.762581426499946
681 4.2855161420666
682 7.730152645480029
683 7.766613834356265
684 10.843630402893933
685 7.568122990495619
686 11.742744849426632
687 7.354997992047296
688 8.109165298479638
690 7.554142642398479
691 9.037490407282773
692 7.605800956487611
693 8.55574851021838
694 8.754719502275403
695 9.527591768033469
696 6.16722167699759
697 8.567820660793364
698 7.361256136006673
699 7.783997132128309
700 7.301050274542927
