301 16.81976404705485
302 1883.5582288931585
303 1059.9215264310058
304 253.62362596790877
305 14.119041411581833
306 18.667409154271155
308 1420.33959404987
309 602.6920228385098
310 2200.8134628214048
311 432.7629821003643
314 26.279053586396707
315 215.85305181923655
316 13375.735504893566
318 134.20057940250302
320 291.2193874159779
321 71.01544667364877
322 3626.902385959969
323 119.49691355293528
324 0.0
325 103.28531635867245
327 137.57078842370152
329 14.633117987061942
330 193.24001547969405
331 15.038532981124625
332 168.87572286783174
333 22.097013270189425
334 1406.5954894618596
335 13.978222881111071
336 2629.382913972386
337 34871.055179813564
338 76.57379344753485
339 28.82126596064413
340 10373.676043044527
341 520.450350992255
342 31.20107730903944
343 1.3523518351825095
344 361.94311605499735
345 318.670256019962
347 122.96898014289843
348 6985.1435854825995
349 200.11513881440325
350 830.051034771142
351 412.2483379614067
352 48.25949089553238
353 22078.173587357036
354 19.282546407637113
355 53.860090580999525
356 398.5665224565234
357 1307.1458790729678
358 24.57246890582358
359 1672.2092913157542
360 0.6879797735903207
361 102.72036675524816
362 516.2711226362966
363 35.9987861668562
364 4559.8977448631085
365 1428.9151087609425
366 1351.7369353817392
367 5973.234695064415
368 613.7650379153768
369 16105.967545245188
370 8.821484056426831
371 16.32449906026298
372 223.85182839702503
373 8.672620278142075
374 31336.174081350688
375 1110.1443054640442
376 0.0
377 6093.629663411781
378 989.1157983565167
380 61.45601409253934
381 1756.5621573080393
382 56.45129866123277
383 63.1423386332479
384 458.6221618951302
385 29.353566080301604
386 20.29558775528742
387 92.70117301845129
388 387.9395228489724
389 0.22747100020529493
390 1385.6538750511322
391 2.1839370376142826
392 231.04113241775568
393 14014.248274246229
394 5632.171067144705
396 3711.765267689845
397 13.532283256420177
398 2.9944383588190457
399 5416.036430679984
400 305.83489693699386
401 31.870337068368084
402 13616.72583962311
403 1431.6117381399808
404 264.57137427917746
405 289.4685635169604
406 603.1882099973767
407 170.3003035172168
409 849.3870103562516
410 2074.8731423800073
411 2804.7951048661816
412 505.142987727777
413 98.6970120493887
414 52.90830524227462
415 771.0345926632784
416 621.7965844483198
419 8.560502137355227
420 1716.5831406393124
421 198.74358454736964
422 92.6433122052245
423 1458.006407878008
425 606.9901449235664
426 3802.220512050156
427 145.675734812978
429 14105.352479660889
430 511.60803324291203
431 0.700422104318789
432 23.274925333327687
433 1849.916305739684
434 300.80513447356134
437 24.41272121193129
439 19.733445053615288
440 3448.7481309077457
441 1517.9064643101274
442 0.0
443 6.472891207390642
444 5627.550146691642
445 3.0857480893006506
447 664.7773078152053
448 35.48453951344314
449 246.22454813119145
450 593.9308194925161
601 19.566240218234796
602 37.251541378755924
603 31.93300173266288
604 833.445019074692
605 0.21879266520672552
606 0.0
607 1.78576831071032
608 260.47820624554004
609 91.03585837552585
610 772.2862115020469
611 3341.599106917038
612 31.635605606135183
613 356.9700917920928
614 151.740592201683
615 24.871493328476483
616 290.93682832664126
617 3.6187383756600657
618 24.100556688846105
619 2516.2409742444183
620 73.71126608962793
621 554.9510864570311
622 4439.490669371759
623 59.68811857924304
624 176.26354313732688
625 24.66153214838047
626 25506.253915204325
627 7808.619203636588
628 988.9820436283887
629 56.59815089598828
630 0.0
631 146.53373119421047
632 287.7987514351276
633 1876.6267974967382
634 99.20178453877301
635 1790.71902494642
636 354.5407905287707
637 806.0709217010706
639 24.225602369193833
640 521.9968616599463
641 15.618636110053563
642 1484.0710520259765
643 1598.5730246900773
644 1103.195726838795
645 360.4562803354956
646 1602.7556120423021
647 16.674265430015332
648 0.46579230184113685
650 131.57575137653436
651 152.6509326261206
652 1172.6030484618261
653 12.976487267601286
654 14.549011393863431
655 708.5501331410477
656 28.267119067681627
657 237.18956284072544
658 6915.291553608947
660 70.05662500286722
661 126.39875102633887
662 19.750613683700696
663 54.71741992997048
664 373.4796381892628
665 127.65401930581186
666 230.35069710257082
668 16.934768983744906
669 115.38212724515691
671 1080.7945432773372
672 316.07617199262796
673 146.0636744807279
674 776.6151325280937
675 27.011474579357273
676 1971.1105222313088
677 40423.08842701444
678 5569.601096369435
679 173.01791230193479
680 22.753412805878273
681 388.9165491875476
682 49.32747152505418
683 1777.419576404546
684 191.94193020671332
685 275.75235389876633
686 7.830148008242727
687 247.32875544739062
688 1402.8611066440405
690 5.470548902533143
691 97.93690289960055
692 2.300486552486943
693 117.25574376118244
694 1965.7323007365965
695 209.1968437331884
696 284.3151337896121
697 18309.97470759365
698 64.48401527396003
699 307.14626222246807
700 40.77939653864366
