301 8.585364689388309E-12
302 0.016829690059182275
303 3.514200276103211E-8
304 1.047116114716083E-4
305 8.69157099907517E-20
306 2.758116943635106E-9
308 0.0036041479695968627
309 1.6157608829527584E-12
310 6.751322468377327E-6
311 0.022921032812419674
314 7.529317937580901E-7
315 8.508091448317735E-15
316 1.3274416788215662E-6
318 4.438941159060023E-7
320 1.217659128898639E-7
321 0.0018772786605508697
322 4.426860534868423E-6
323 7.886687494316282E-14
324 4.895688981380794E-11
325 2.459036792482146E-19
327 7.906794226633987E-27
329 0.015483426756179473
330 4.552919249515699E-5
331 9.279156475570832E-23
332 5.941008671281305E-9
333 5.877354825467992E-6
334 9.05290100347853E-4
335 0.6842096271031993
336 2.420204868138252E-19
337 0.0980649377370016
338 4.220639018333842E-6
339 1.7150753770775743E-9
340 3.5164822210624343E-13
341 2.9653474619852133E-5
342 7.430336152742296E-5
343 0.0011265899600290928
344 1.8748562992712638E-20
345 3.2534594094694026E-4
347 5.820165738231966E-7
348 1.4870332884516145E-16
349 1.2047193733726254E-4
350 1.7539583990488872E-9
351 0.002528650672852581
352 1.5830864641952163E-8
353 1.266875521266667
354 7.571909325104945E-14
355 1.2203363235319851E-11
356 0.600511528469396
357 5.844647820928697E-12
358 3.550898987304811E-4
359 0.0010037262600618925
360 3.6309266344841776E-4
361 2.9088553913319312E-5
362 0.0020603558384553523
363 0.01269925734639099
364 0.0190430606348983
365 6.399235788757845E-4
366 2.9309178123544814E-13
367 0.021631280164973305
368 0.057845394241698066
369 0.011971281739953444
370 2.5617566107449677E-6
371 1.6749803602377013E-11
372 1.1662734124066493E-26
373 3.897509678809743E-9
374 1.0144225745127798E-4
375 2.5586078666919098E-5
376 2.2233350613776493E-12
377 5.020089072330901
378 4.132512007801871E-6
380 1.8326192133238414E-25
381 6.3898439562722914E-6
382 5.7035151720866256E-5
383 0.001069683366851262
384 2.510637803649908E-7
385 7.35188772419746E-7
386 1.7767787619632687E-9
387 3.138615117272396E-6
388 1.8260210724089193E-25
389 1.1645276638558851E-20
390 9.73703743517935E-22
391 1.1325467756435875E-12
392 0.0034354466808682953
393 8.286359699189358E-13
394 2.366558259199253E-18
396 1.4029362212727957E-7
397 0.003475332485207955
398 2.3428081407492294E-8
399 1.394086933107127E-15
400 7.557946815340638E-5
401 3.1885470814789585E-10
402 9.260756885395544E-16
403 0.02010861215513495
404 2.852419456815726E-7
405 2.570721062892599E-7
406 5.940961085839818E-6
407 5.3935386040983445E-15
409 5.065786182914407E-6
410 1.165169331173399E-8
411 3.5917613606117324E-4
412 1.5636419501870305E-4
413 1.9661435779539693E-7
414 1.4963240182136825E-4
415 0.0026345328298082557
416 2.4705297626626856E-13
419 1.0483936414153003E-20
420 7.957333341094803E-11
421 3.6534160191531047E-5
422 1.359020849444703E-4
423 2.0848842177795626E-4
425 0.0017180738984194218
426 4.7054015524166984E-7
427 1.250972531415457E-4
429 0.04907480147585869
430 0.08472091037303048
431 0.0018706622403108482
432 7.393150620066834E-5
433 2.325783437755479E-6
434 0.25052468017470536
437 0.004908771535822192
439 4.636183762525377E-6
440 0.0015270667483889974
441 0.0026213181528170052
442 0.0
443 2.384937464764616E-13
444 1.3568695960310257E-21
445 0.01781666307068909
447 8.224378006566917E-10
448 1.9281023835009283E-4
449 2.7662226865180203E-5
450 3.9717836814566547E-4
601 2.5169998163509672E-6
602 4.2584415485388995E-4
603 3.998132239146544E-5
604 0.0026448757735144427
605 5.945198084536779E-6
606 6.716645063793532E-22
607 3.5951640334456523E-28
608 5.6277820837600336E-11
609 0.0025181875275128865
610 4.202471746640876E-6
611 1.3222513384852646E-9
612 5.717336987903246E-7
613 0.07853074279206268
614 5.301105345076866E-5
615 0.10315899919157659
616 0.008268773706382827
617 7.57610320594942E-9
618 9.72831267895125E-13
619 0.005140377193322551
620 2.785196963270416E-8
621 0.0022183135524156323
622 8.873189618017565E-177
623 2.692762149708134E-8
624 1.6112611668665532E-12
625 1.864382988486764E-19
626 1.3731721146209407E-22
627 3.226274054191185E-74
628 7.851903568699922E-6
629 1.9341672555651929E-22
630 2.1537887653155894E-22
631 0.006773109463802697
632 1.6109975311520472E-4
633 8.50844288346095E-4
634 0.0017596857858755539
635 5.228200064292454E-4
636 0.004041159527487299
637 0.033925111117906
639 3.0626699107421443E-30
640 3.223872741921921E-11
641 1.5158693698050547E-8
642 0.4075001855012048
643 1.275395097857745E-11
644 2.660509869840771E-9
645 2.986389024323387E-8
646 9.450556546150381E-5
647 9.692879861415445E-13
648 4.5341964747197386E-14
650 0.001680887470091018
651 6.316444259025409E-29
652 1.0694077750084389E-17
653 5.660781071341229E-7
654 3.1095150788688256E-14
655 2.5318688613762984E-299
656 1.726781508911788E-5
657 0.007140535207298352
658 0.003996133874619886
660 8.018085871168034E-7
661 7.069922881867347E-4
662 0.10309769039535761
663 0.006591382102087885
664 0.094018817900431
665 3.939865283256505E-6
666 0.001159118763190802
668 1.986287442561424E-14
669 8.10024760312586E-17
671 4.4292196095993956E-13
672 6.035471638780188E-5
673 0.005397106612558619
674 0.026295345653159805
675 0.0031737220459010316
676 1.03514743466917E-10
677 2.866769822762706
678 0.0076317703914801195
679 5.324726885195117E-5
680 7.115496786272365E-6
681 0.07023362606289425
682 2.5231343897027656E-6
683 4.513500590154428E-4
684 0.0012630508358139757
685 6.51822302340602E-5
686 5.132334317937149E-7
687 1.5539812704209932E-15
688 2.583833269935465E-10
690 7.753241847532945E-5
691 2.963207487895841E-4
692 0.014591068732547513
693 3.4294032522463376E-7
694 0.04075182475409101
695 1.0585527557669445E-7
696 5.523699227671325E-5
697 3.4263672362511297E-6
698 1.771110463771318E-5
699 2.815977066973302E-37
700 1.8528785949740162E-7
