301 71.50931878170218
302 29.7357021956927
303 204.42551189375502
304 126.98534388132764
305 45.61315136975047
306 109.05595877259925
308 95.39163468961034
309 158.28133165154216
310 94.78541854425985
311 154.07516781710535
314 48.18929689480613
315 71.28918213234444
316 85.89063062327412
318 72.65458929762514
320 56.11917612851641
321 86.79650145007228
322 0.0
323 56.73188280971367
324 151.98141684394247
325 48.47919683162641
327 66.0452895818874
329 111.98496159948748
330 74.27608598974511
331 134.8394239721624
332 88.32223298695874
333 32.40546084806884
334 221.80654918546804
335 83.44204436858334
336 89.43127038793928
337 174.77428708087103
338 94.88847802764246
339 12.364306984474826
340 241.96334782728664
341 281.10001015527286
342 25.183279139428915
343 95.88957172158871
344 29.50038437499261
345 26.233924993885342
347 38.936429387894975
348 85.25988727984799
349 216.52523999404696
350 64.87008283828494
351 69.85498100144109
352 47.03213111388422
353 128.74816413991746
354 62.31966816812054
355 149.7012965649
356 50.90420738218648
357 100.9697534178049
358 109.30250810262163
359 37.51359937770154
360 25.34167262534122
361 187.08231481310014
362 127.87281148441436
363 144.19607787871354
364 322.29076379224375
365 35.80485771366489
366 51.653606196277444
367 356.72128078664
368 345.5843472589589
369 165.72265184585578
370 26.835884993080715
371 11.882946782576711
372 52.89591749980634
373 44.28868502497396
374 79.1208801494044
375 57.414362247048004
376 40.423980022672524
377 119.74267577721662
378 53.67073148325387
380 51.2389285277167
381 226.23379201078606
382 42.07202037041569
383 61.34129471818597
384 70.3672122808284
385 42.704382505728816
386 84.51490918622837
387 40.32787951872758
388 161.12821702105305
389 29.012185977811967
390 92.70893700106103
391 57.821813821930384
392 73.67071254412532
393 117.57244058213423
394 151.14397137201203
396 291.9822168011301
397 35.353713227878366
398 167.31284954091385
399 512.607967915941
400 184.83547590755313
401 48.091259362453805
402 114.45379088166716
403 304.4604962437617
404 214.479188489246
405 63.742606427867074
406 327.9277842570843
407 53.638188098633314
409 103.4020294049926
410 163.72851273740838
411 97.69506929510084
412 281.13549630799275
413 138.48558777421147
414 55.273137457404644
415 63.65899249746941
416 185.39392766537887
419 41.007474120751986
420 223.18057264073192
421 93.93161222359694
422 128.81700291459833
423 11.848790587800243
425 161.56437182707324
426 66.63908101101082
427 43.80405565647162
429 433.0931139787495
430 104.29636004850906
431 69.91904171834709
432 43.902518940323425
433 90.20604026404972
434 117.05629593051607
437 48.17044808167165
439 44.838414599843404
440 291.05346980234935
441 207.1222657643946
442 0.0
443 17.899968812142248
444 157.86633555765675
445 240.84197975413795
447 61.08193423705901
448 70.65055000734948
449 168.85630466791596
450 207.9484487005174
601 58.56695314351325
602 56.70430779686675
603 50.46054905442718
604 90.8548263056965
605 138.4575463539316
606 0.0
607 27.73223037090712
608 81.51162004272612
609 37.58711665811184
610 79.72727695769225
611 233.11501664825087
612 72.59907096599625
613 40.882347917754394
614 38.266474534940166
615 66.7326633921537
616 141.92740930984854
617 101.54263936570959
618 164.38247150335405
619 207.0207420410376
620 61.62374370292015
621 121.71884039971071
622 95.09224622698426
623 34.62803994345915
624 77.53671596545735
625 103.86621096931586
626 103.38929478903783
627 34.91228275740377
628 122.52633165544225
629 32.31838518210753
630 73.31705401172644
631 59.39034170581474
632 98.3539405439963
633 230.72316811953027
634 133.70292979926856
635 102.55474550119204
636 50.21767113545761
637 47.339571394859504
639 33.62009833973411
640 42.9817754720919
641 34.39722327664476
642 109.94644532960132
643 116.3633606311297
644 280.8153971224662
645 154.74113248409577
646 160.39993856760165
647 38.596984568805006
648 117.32236281264275
650 115.38616957969015
651 50.91991214270822
652 100.32424404546816
653 57.29724104996595
654 63.5094621126573
655 116.13843137418584
656 97.09799698898357
657 56.680552489545796
658 506.3775773379753
660 104.16211505377086
661 71.50202754967083
662 74.58545715374848
663 24.16391320548589
664 274.50804025000366
665 30.158910033306185
666 69.9819200914957
668 47.471279242546345
669 166.33615020188878
671 76.7662377510536
672 220.94718558952613
673 83.89152113397495
674 54.83126523342418
675 42.99144735342501
676 96.63618767820425
677 771.4764085506944
678 142.47825949140676
679 100.69989389072201
680 54.95908080722165
681 35.889440440220724
682 122.3669712232298
683 64.7477783635771
684 93.93863023719155
685 164.00468288599782
686 61.030882293343055
687 79.21684670692308
688 140.02485737730126
690 84.04788673059649
691 139.88901029535933
692 61.705036832753684
693 108.05804744933666
694 526.938396929592
695 58.76255655766556
696 43.0537745917141
697 136.82166901355416
698 38.01066716369385
699 60.233974558566686
700 80.65734622294282
