301 2.0576962191814507
302 3.8315772567152466
303 5.881402666925249
304 2.3065984600385967
305 1.5270731403667381
306 3.536714209848459
308 10.746166349323843
309 5.492892759711745
310 3.1984356021551457
311 2.044516738010142
314 0.1052215716572896
315 0.7302617463507544
316 6.627940336039405
318 1.2383821641225412
320 4.124930845679581
321 0.6317053181118363
322 0.0017699639025056842
323 2.873692229973205
324 -5.512561470511655E-6
325 0.1848587728649358
327 0.5587675368020302
329 4.146678959710093
330 0.15066931702316352
331 0.12608118333846496
332 1.0038134210462175
333 5.674663925598465
334 2.714754740123145
335 3.9438581442777463
336 0.6415458643452852
337 9.935639794393191
338 12.71003260959903
339 1.0409979865526364
340 1.2412078276341028
341 0.9290048412023338
342 6.984062894899021
343 0.9143390302270977
344 12.124598578362999
345 10.020424169778739
347 3.2103956285556925
348 1.0471493824386642
349 3.64497796036436
350 0.2333824213430952
351 13.2188785788373
352 0.7647351356410148
353 5.443211085846911
354 1.532932117743379
355 3.8629074242169796
356 8.566431366232981
357 1.432562682916639
358 4.076125013197525
359 0.8116441204649498
360 -0.18196415055955636
361 7.457493515582209
362 1.375031129733659
363 2.144214061930239
364 13.992149258267874
365 3.878235380916455
366 11.156925568145109
367 3.7595855040578927
368 2.455996660168993
369 7.182173179667903
370 0.19768434104021576
371 0.09384211288362178
372 0.544468095703125
373 2.083416292841245
374 3.4526319255382343
375 5.359775923794229
376 -1.2054478939231729E-5
377 31.037838530948747
378 0.10044560936122218
380 6.9256967074288145
381 1.1237687434073453
382 3.817011868808308
383 8.995387946390082
384 5.659639262290787
385 3.876537425223454
386 9.701990391323802
387 7.621685422562334
388 5.938586863863338
389 -1.876259434471173
390 0.7199089180629892
391 1.4718638216643345
392 3.757880464923094
393 0.8869048535846857
394 1.485805383785738
396 1.253723645141851
397 0.7425794024549595
398 0.7401125912568811
399 0.6095272381957217
400 2.7804384331782295
401 1.2929184169615828
402 0.09485186887098099
403 10.170703035758892
404 2.020047805094614
405 0.885801901526876
406 7.8503704183495735
407 5.216075491315096
409 13.70764765422434
410 15.146540484457503
411 1.6023400200693938
412 0.9289683111808106
413 5.119816289600257
414 8.748308401815668
415 3.2653679476868254
416 12.570854081348655
419 5.8451676495597065
420 10.284023921160111
421 13.469208952368968
422 2.6525783922419888
423 2.0924574437677137
425 2.97957752782633
426 0.5407400666501121
427 1.539883511463304
429 8.420544059242234
430 17.00020735312726
431 0.01591075943373294
432 0.9687542525027623
433 0.23558510228004348
434 2.256280943635589
437 3.863806123856637
439 2.09527384568397
440 3.720857399393318
441 5.553738614807544
442 -5.71234923510652E-5
443 1.8259287182017314
444 5.8003626099443855
445 0.7840232621783606
447 0.4363928549144907
448 1.8508436342896804
449 1.932380397994823
450 6.396774713162155
601 10.09297185922958
602 1.90418604005563
603 19.749950000072367
604 11.463931772375359
605 -0.650208230091734
606 -2.557117568291332E-5
607 1.2508917140521736
608 3.5124842937403535
609 2.1359070045842077
610 7.2631644762052705
611 0.7765723500431998
612 3.721447211011113
613 0.8208817383092534
614 4.116130242866295
615 2.2168529023590415
616 11.970405311146214
617 0.8144740711204738
618 9.037171291374095
619 8.928077114436327
620 6.478614175792323
621 2.9133309137201366
622 0.7088308041206481
623 4.02286310735483
624 7.710889630309526
625 0.6318963359241323
626 0.04998367980422176
627 0.4534521824730307
628 0.8720815742408273
629 5.763950325011044
630 -3.2453834345590813E-6
631 7.38768000813956
632 3.4120743500461037
633 1.7414198549035866
634 29.96626814220733
635 3.8191036197844035
636 2.163176690730127
637 5.19013726518453
639 2.4594612585658746
640 1.5921941664915529
641 0.6925684179132394
642 9.06225573658327
643 3.9176397769950566
644 1.8902833628468936
645 6.617106749275923
646 3.966651422295765
647 5.9602817911026476
648 -1.1516105696453316
650 7.085875479408755
651 0.3731215901903023
652 9.652671048077625
653 5.443411783670197
654 0.14647501532212587
655 0.030917479111857143
656 6.150148524143637
657 0.4533504102037843
658 2.255425266695949
660 15.297944215714747
661 1.5427847200035312
662 1.6841316306636764
663 1.1397760268352561
664 3.3333342931671193
665 0.3306760705571209
666 46.33070328092582
668 4.948413347252284
669 1.9812309045847556
671 2.855243723739229
672 7.448677347624073
673 0.3404654644555567
674 24.26654120614025
675 2.82131169640138
676 7.076032968292279
677 9.859418896346256
678 6.845022286283904
679 3.4526309352081705
680 1.6578635110949405
681 2.479777386937347
682 0.6412948279063235
683 0.08683006400085895
684 3.2469636400335253
685 4.960209613249386
686 4.020266335624266
687 7.246297217636804
688 0.9545768568161703
690 2.3807540741406217
691 2.066306796612746
692 2.9407804632604417
693 2.156527694718634
694 8.936799233471252
695 4.853030782399265
696 30.49236518373184
697 1.4547859042671578
698 1.3305379177711325
699 3.2107622979393513
700 7.569393476107058
