301 -0.06606774634973352
302 -0.06431409646295438
303 -0.051315683409509524
304 -0.09024653478851861
305 -0.15454237913144908
306 -0.10841583030442438
308 -0.14257398577290764
309 -0.04874882577971684
310 -0.16688443393004307
311 -0.03545516358412211
314 -0.16886439676358173
315 -0.27776807559662864
316 -0.04950312296172472
318 -0.2698908848080397
320 -0.10507618322615783
321 -0.116907330808007
322 -0.19298874264119817
323 -0.11240656001256014
324 -0.04125021617685999
325 -0.14487300046672033
327 -0.026277953001939545
329 -0.11574447816521866
330 -0.10322485208983762
331 -0.2794799866494471
332 -0.06591718663428413
333 -0.02508959827288218
334 -0.11263533500617079
335 -0.08719138170548268
336 -0.21595313469630584
337 -0.05554530051366866
338 -0.11369548899965641
339 -0.05578955504801065
340 -0.31482181422311817
341 -0.044591795977619766
342 -0.15975211689306315
343 -0.02095336248517172
344 -0.12309860198365201
345 -0.13428675187329653
347 -0.023594321155110363
348 -0.03102754317797539
349 -0.05537666747981822
350 -0.16639024084471982
351 -0.08666424458235339
352 -0.06289827694919838
353 -0.12893259993216172
354 -0.18908063561640956
355 -0.12615856159272862
356 -0.07206436837809897
357 -0.15462625065818272
358 -0.17131719474460924
359 -0.19773072641394113
360 -0.11164427350682328
361 -0.03854946124996862
362 -0.1830323324912614
363 -0.087461332863874
364 -0.04902354755574844
365 -0.04154212837881387
366 -0.020133972474864592
367 -0.3442839316568287
368 -0.04632804499191307
369 -0.06907693954658232
370 -0.07376849283719093
371 -0.10116171916031501
372 -0.21934643017245475
373 -0.08887033643989395
374 -0.024855902948206696
375 -0.07354296014701484
376 -0.14148847480469529
377 -0.1532901008067337
378 -0.11459165763903761
380 -0.07128085381511486
381 -0.12583387753701958
382 -0.06206543201486625
383 -0.11530614668619461
384 -0.09154545130643037
385 -0.05303625502552157
386 -0.11353417880184913
387 -0.02768961753458437
388 -0.24944875183711226
389 -0.07323312005074269
390 -0.04722305304585278
391 -0.18652979944270992
392 -0.039350308178354484
393 -0.3007564764944344
394 -0.2907132729819447
396 -0.15604080516650942
397 -0.027399434794265872
398 -0.26206255364808906
399 -0.326288560200711
400 -0.03295858574678467
401 -0.13052238684385584
402 -0.16147422627641192
403 -0.06210599641232674
404 -0.02807340727902588
405 -0.16713354103683095
406 -0.05349640176882617
407 -0.039647276881669045
409 -0.025444136666221633
410 -0.0243831575907347
411 -0.13707993026416068
412 -0.044591795977619766
413 -0.06236133946559396
414 -0.02425514688813815
415 -0.08511639748250563
416 -0.040440448579379173
419 -0.11384670652165678
420 -0.05995297704221172
421 -0.049262241199375424
422 -0.08784660968788723
423 -0.038827505677542874
425 -0.0463699595243946
426 -0.17515683310839777
427 -0.11841678004949215
429 -0.07123364544913875
430 -0.020566954127971965
431 -0.07065454734051216
432 -0.09803096987005985
433 -0.08807903852668937
434 -0.030977862967516676
437 -0.055121650893139335
439 -0.10597609066422164
440 -0.09823939770474645
441 -0.0602972776755018
442 -0.06856233981881815
443 -0.06873306737727804
444 -0.2733333419307605
445 -0.12038054987615218
447 -0.07204006563269331
448 -0.09839198815234336
449 -0.07241357297230551
450 -0.1839822318334712
601 -0.039092261696143035
602 -0.06606898837201011
603 -0.03935939303615242
604 -0.15754987025144157
605 -0.18606050798970641
606 0.0
607 -0.16752634060460014
608 -0.023667482621571784
609 -0.15882603225579
610 -0.012186722954175135
611 -0.05547899662386517
612 -0.08697448123269122
613 -0.009676245302473501
614 -0.14491612397394127
615 -0.053566768647281
616 -0.035929623519978374
617 -0.10925924336876666
618 -0.04267334950595537
619 -0.0385171175318129
620 -0.03422418429143001
621 -0.07718032976029521
622 -0.2646821459054818
623 -0.018923604392620877
624 -0.017526939483181257
625 -0.19539161523508428
626 -0.2464881358660758
627 -0.13459453026561913
628 -0.03779500851171303
629 -0.027080669279962947
630 -0.03670118372640222
631 -0.09337265173852051
632 -0.1918483858219479
633 -0.05468317780125973
634 -0.03765630664956811
635 -0.16276782627016292
636 -0.10232366797441099
637 -0.0318893039105747
639 -0.13270076283722712
640 -0.0931273959011041
641 -0.10084177623305529
642 -0.03092003156476747
643 -0.13897214055654813
644 -0.30271457523319295
645 -0.03166056098752683
646 -0.2730268894665803
647 -0.06101853478379805
648 -0.1605758093881973
650 -0.039732540521456666
651 -0.15914920239034325
652 -0.13113513361183662
653 -0.016147319930610624
654 -0.07504608630903999
655 -0.2506083784852873
656 -0.17192116202874883
657 -0.1050484612953722
658 -0.31059865675610293
660 -0.09345849355963749
661 -0.0787964805482814
662 -0.11717479676871213
663 -0.10666272477002077
664 -0.1937574880026037
665 -0.029530910780262355
666 -0.014049092380509618
668 -0.11131879395186096
669 -0.04422919773431807
671 -0.012379894503769178
672 -0.039220790216363134
673 -0.04092002513782501
674 -0.057011312426658155
675 -0.0910317266616436
676 -0.06976178128842182
677 -0.08476286454950618
678 -0.26317381624283664
679 -0.13938728056584693
680 -0.06999053214027418
681 -0.04240002193101696
682 -0.14819372648712922
683 -0.14219900646708267
684 -0.03492543606691672
685 -0.030699549940308792
686 -0.04261518885463056
687 -0.035191631252283265
688 -0.07752475184558041
690 -0.11508038170175955
691 -0.13850080210494117
692 -0.03111232641689755
693 -0.13634572007190793
694 -0.055766069837906204
695 -0.08613227666635388
696 -0.0897548776083829
697 -0.05933884824518245
698 -0.08668520884464843
699 -0.029320646735032905
700 -0.13578618666625394
