301 0.004833204679949976
302 0.018152010857327906
303 0.0211059642196476
304 0.02440159180141606
305 0.008451281940331429
306 0.009041608598144906
308 0.01042158056952631
309 0.012632632902573012
310 0.012710790433008995
311 0.04160270351977002
314 0.0013853140391417258
315 0.009627446938119948
316 0.03150469852074448
318 0.011698960341937589
320 0.02185175553962873
321 0.008847866341663254
322 -3.797505697567736E-5
323 0.017663733072538507
324 0.004455549939172201
325 0.003719290617156817
327 0.010991267756542916
329 0.009110536093368801
330 0.0031331261124749525
331 0.005547927619803445
332 0.016196903877677044
333 0.014597910633315711
334 0.011181779539913261
335 0.023239767478828284
336 0.006929854090998462
337 0.07828086309813465
338 0.03444809545716724
339 0.00735229563833098
340 0.004984649423559144
341 0.02403143446858745
342 0.010601399637064106
343 0.016852249878385232
344 0.00789639335981836
345 0.016093865757863358
347 0.006783409600496914
348 0.027075831107919134
349 0.01154814453371226
350 0.005367021410299252
351 0.02339946667207361
352 0.01703340709769037
353 0.010406166772925957
354 0.009394659994622958
355 0.023183789887561906
356 0.02628779709574735
357 0.00946214745703867
358 0.015691119992828347
359 0.001404153193389669
360 0.004313171163279392
361 0.0311451650563794
362 0.024197176768902606
363 0.01042938981959489
364 0.11051779677933599
365 0.024918477239334113
366 0.024820577172567575
367 0.012174455099533285
368 0.04812602977194206
369 0.039610042701304436
370 0.00406779407728049
371 0.005963096652580826
372 0.004397332357881798
373 0.012690764073840595
374 0.002932123254269693
375 0.015484498485755524
376 7.378153946388216E-4
377 0.05487023246135399
378 0.0017508509979454287
380 0.014220147708678903
381 0.007403652966021258
382 0.0170993949620597
383 0.012516255347007047
384 0.019150630850050882
385 0.013523087936501723
386 0.017107694351186992
387 0.0356800107136687
388 0.0069665758689878956
389 0.008852824221842893
390 0.013948203527895641
391 0.008706879125967753
392 0.00940122247948341
393 0.017787512913349082
394 0.006383933433265531
396 0.011955312364484919
397 0.011417463141189417
398 0.021577870333278844
399 0.011705445226046178
400 0.017928794336072716
401 0.011087861329292308
402 9.641470776248986E-4
403 0.09577956869183618
404 0.008107837696855304
405 0.002406215062846502
406 0.013575570453875904
407 0.011387482213710113
409 0.03629285877873158
410 0.12091282529757466
411 0.019107248280601168
412 0.02403144335030257
413 0.011590876045137356
414 0.020684250286590006
415 0.017568392850876583
416 0.046079450097837246
419 0.015823524435361395
420 0.07121473796111476
421 0.03920715649387976
422 0.01763431316130518
423 0.013253340716837038
425 0.06360017751640719
426 0.004608886053172773
427 0.012171214189790933
429 0.07417206021276677
430 0.011736580602615211
431 0.010425108252746963
432 0.006227246414263894
433 0.00836589492650906
434 0.018591620746255057
437 0.016889259807441694
439 0.01181465109952716
440 0.01230903466453726
441 0.08340004745482221
442 -4.257181491851867E-5
443 0.00826791827349341
444 0.05772551320775354
445 0.013744237649461942
447 0.008750643022637955
448 0.010697255852978042
449 0.016017552377903435
450 0.022560231495452963
601 0.014596021901473372
602 0.017461270610319823
603 0.03475585929546907
604 0.07209843689848568
605 0.006302046838633326
606 -9.238158527019061E-5
607 0.008081288991439445
608 0.024267496254555168
609 0.012430581695490427
610 0.05664081834303661
611 0.03714550110072328
612 0.02438510719243613
613 0.01471679131601167
614 0.02502866821295048
615 0.019227484706992724
616 0.029388971830637406
617 0.009183980668699895
618 0.04555188736410801
619 0.056736216351516634
620 0.016027631305987694
621 0.01741789065936927
622 0.01482107889594348
623 0.025521357349482708
624 0.02011476370748531
625 0.004902080658075774
626 0.002976722830171817
627 9.279206038493344E-4
628 0.010103062057840655
629 0.012728653052185365
630 0.0029507998657235792
631 0.021217096034946648
632 0.01683075339980174
633 0.021548896162064752
634 0.049619714898973995
635 0.01991214835758915
636 0.013760736612209152
637 0.02222604750179383
639 0.012166028119223897
640 0.02107091145544419
641 0.009258485099888124
642 0.02122747707734726
643 0.013767125797135486
644 0.00824844663172234
645 0.0313005493149548
646 0.01509297262012651
647 0.014548050383653914
648 0.013644850529508536
650 0.037803370445399866
651 0.004116088028884313
652 0.026623018579678994
653 0.022897194770521424
654 0.004096406338031251
655 0.0018729611213017781
656 0.016110524500663817
657 0.0099564911183297
658 0.04192783360301104
660 0.03016888554954703
661 0.0312879145468416
662 0.02274141385043658
663 0.012059078713476504
664 0.017353035592623908
665 0.006128047336631648
666 0.03132290174617056
668 0.009384294693297535
669 0.0178616828983256
671 0.02553849253936155
672 0.012205066584679132
673 0.011322312223487242
674 0.03280385063136018
675 0.01062771456805406
676 0.02599416054436842
677 0.07864361926005274
678 0.06796966554794551
679 0.01506060877760736
680 0.00891681290015644
681 0.005425713656437893
682 0.008688295344745264
683 0.001990378912192485
684 0.022577860874390055
685 0.013220179774219076
686 0.024333414997811546
687 0.008658165986890906
688 0.016481285160110413
690 0.010951180620097044
691 0.018714338312971895
692 0.01962653346940067
693 0.014404926469116314
694 0.040347064442539625
695 0.020524856713934683
696 0.011180348759160897
697 0.01276536283005123
698 0.016825228245203293
699 0.013506671399628556
700 0.019215854777910244
