301 0.3786347483896467
302 0.029970517109464977
303 0.010742298653304026
304 0.17321928181117419
305 0.35491956917038175
306 0.28157498341712744
308 0.23074618411950715
309 0.009486501008829981
310 0.43482166890976187
311 0.008003265584941261
314 0.3233287947507236
315 0.48626694005555454
316 0.013200921763473171
318 0.463406571679707
320 0.23050779766673132
321 0.33684615537450463
322 1.0401703398214212E-4
323 0.2098548515837131
324 0.14620968821817118
325 0.3243965272564455
327 0.005345885311427598
329 0.25168757707055583
330 0.2552916531802457
331 0.49713547896123944
332 0.005932745533434004
333 0.00933473491003102
334 0.013544436166847314
335 0.16610395101629025
336 0.33855370224271597
337 0.501450114338622
338 0.20766143316557611
339 0.15903885536331164
340 0.4261909122201756
341 0.3076985220780902
342 0.2499847314237752
343 0.017119220085195765
344 0.22547263808577112
345 0.16213937161514647
347 0.23322660380814847
348 0.004936832341984223
349 0.008251093238430316
350 0.25759495789587333
351 0.16141895494857558
352 0.15660589745721534
353 0.03877585946893694
354 0.426537843718441
355 0.2479198536177486
356 0.21023300160384634
357 0.2634932007974976
358 0.34021377881714737
359 0.35196314523951977
360 0.25554789747385775
361 0.02789469797075964
362 0.30531761080419206
363 0.4226757001212889
364 0.017952215884452276
365 0.014661474682990044
366 0.016801120236957397
367 0.49542337463188474
368 0.026706503563301284
369 0.16397562078598582
370 0.26318672712031604
371 0.23154767909857604
372 0.2842401659624857
373 0.20414694352635035
374 0.24368191783484922
375 0.38032346515043414
376 0.0
377 0.24082414593237494
378 0.1537428664856302
380 0.16439728047245727
381 0.5058685829511647
382 0.15179788586898796
383 0.25596438209734085
384 0.23582809788422357
385 0.22597358856208632
386 0.2221559516078903
387 0.007918536074517469
388 0.4040317511315239
389 0.15018512530676026
390 0.4222236758033484
391 0.4111175434510196
392 0.004120900333539504
393 0.3382107140531584
394 0.40416786917261965
396 0.42323948613335427
397 0.02100379078236817
398 0.4618316608278903
399 0.5114867695618751
400 0.006391901450488554
401 0.23083958945273952
402 0.3033220327145655
403 0.021482486549123443
404 0.4046692751425158
405 0.2530809999046168
406 0.015177609380998117
407 0.14013894084987688
409 0.016718864363349052
410 0.10569463731794948
411 0.2699341753787024
412 0.3076985235460819
413 0.00787849445984388
414 0.02854121011957025
415 0.2603837340783033
416 0.007982545287037783
419 0.16987438054130433
420 0.165845731518444
421 0.17656193529868142
422 0.16014999742999747
423 0.01154385098323878
425 0.24376945765891828
426 0.40798984103369634
427 0.20849157172329993
429 0.024825003564359897
430 0.018835653003120335
431 0.1700901330609128
432 0.1564307702928964
433 0.15175189084909096
434 0.1570168812707489
437 0.16036238006823042
439 0.16952632281082392
440 0.498605616087721
441 0.017832188120781182
442 0.0
443 0.1771863313347437
444 0.4727505096393034
445 0.2599599928765197
447 0.4625625466436738
448 0.157607368690858
449 0.007962946580832714
450 0.2594574858299934
601 0.011740261361042531
602 0.21683926764756506
603 0.019109046522052905
604 0.24612879659731968
605 0.5082838470535553
606 0.0
607 0.22470704056666024
608 0.00213848441014349
609 0.2558591459359798
610 0.014509698500618897
611 0.40600943904207476
612 0.16201464085545492
613 0.0036870271910191417
614 0.20844946381726423
615 0.1521024490466105
616 0.167346078320168
617 0.2629255443080899
618 0.016280629728055808
619 0.013845740384520366
620 0.01696286899582822
621 0.23630160665682287
622 0.5005677379585176
623 0.006447944220445177
624 0.005031979488088827
625 0.3484559918355404
626 0.3171436418954423
627 0.15468032493825168
628 0.3035102221346414
629 0.17035533473521897
630 0.13284951548145638
631 0.15565337294147163
632 0.2785341107084958
633 0.22519495767029182
634 0.016552623523963025
635 0.28053916140026663
636 0.16480603584373713
637 0.006782288565436076
639 0.1673167801053294
640 0.008192618828188924
641 0.32399712574371875
642 0.007215691355169138
643 0.26752568267976895
644 0.49794456718625263
645 0.011880114802580612
646 0.40942332222283284
647 0.15615814574305367
648 0.2525914817544255
650 0.021954737345031134
651 0.35308618882917614
652 0.24964461052793832
653 0.14742166736656312
654 0.2339191387849755
655 0.4743241248124638
656 0.2519732195398398
657 0.34207974529821
658 0.4727080127979321
660 0.3427805406645198
661 0.1425325343379017
662 0.22740032828748483
663 0.16365809755987645
664 0.2708757663441908
665 0.0026866704202470277
666 0.011751314010877114
668 0.18660826611011713
669 0.007228713877756506
671 0.0067713141703260055
672 0.010539812228907056
673 0.30460605047068867
674 0.15766768431227304
675 0.20123430310554746
676 0.2071186460013151
677 0.07979550539717199
678 0.34139684635466283
679 0.2662374180790671
680 0.10058586186526179
681 0.20449267560786913
682 0.3088581830964703
683 0.154159515880233
684 0.025329008901242834
685 0.013690290522838957
686 0.12568379118348577
687 0.002509613124846409
688 0.40586062539458234
690 0.15908743195029598
691 0.21215648880543198
692 0.15945100175709287
693 0.25691385526766514
694 0.02780997051929627
695 0.20784337626223678
696 0.22633806170944665
697 0.4562019127631174
698 0.1548298290409947
699 0.0042940500767019475
700 0.344423367430391
