201 16.231530396242228
202 6.225402243068385
203 0.32847134354915464
204 5.965965355432454
206 3.6900733144033446
207 7.410216642197791
208 6.931322217069554
209 7.888194496896203
210 0.20904353334873907
211 5.279818621930822
212 5.751917820528707
213 30.86278385668553
214 10.720671535254313
215 -3.030334919190699E-5
216 2.5809874429406876
217 2.714395905607095
218 8.546574887224203
219 20.39479370098133
220 0.5075873624397838
221 4.204341066275359
222 19.517778776954923
223 12.65775558626978
224 3.1201471380625585
225 -1.916860106724321E-4
226 9.650430075396073
227 -6.428481580142706E-5
228 14.545681353520767
229 1.0377126368419771
230 0.9461490839642124
232 8.9331761365535
233 7.312610724934663
234 9.74276362540532
235 13.327769014303978
236 4.35341707437723
237 3.4559820197409272
238 4.293439510902933
239 12.426118828147022
240 0.008628909307927143
241 6.282953205857812
242 0.14893558369326887
243 1.6904019016606548
244 6.9396390914486155
245 4.408171116885217
246 5.734946960730932
247 -3.030555850828127E-5
248 3.4534090447318864
249 4.104572864776549
250 0.44966451371122085
