201 48.061880060622705
202 37.21098561302277
203 19.9157989173961
204 118.92581149071117
206 12.506543055495303
207 23.46898630658648
208 61.87946017723787
209 177.09576271854527
210 36.285315566160364
211 224.23188810908204
212 93.65949250050852
213 143.17089087906274
214 42.36796201032867
215 0.0
216 126.60311397311705
217 61.000292056178644
218 21.591211384161525
219 165.67420844810857
220 68.8560496982254
221 58.47877759781899
222 40.59383919018306
223 16.19558880732638
224 83.08040028195444
225 47.295257726124426
226 52.676067207596766
227 0.0
228 10.760993911670235
229 124.07818085173547
230 52.32299917635011
232 49.80472573677988
233 45.77720555199213
234 23.085557500466358
235 50.0876752707528
236 17.236750788488507
237 51.049902664971064
238 12.437267386564368
239 39.6814213018841
240 18.142152104988007
241 271.9643968579356
242 0.0
243 92.72952931868056
244 51.645449557953086
245 37.5640228771426
246 45.60213184819792
247 0.0
248 34.88300062860496
249 37.48932649619682
250 58.858784870726325
