201 5.68610558817113
202 5.0874924720129
203 4.6634173856249275
204 6.522517152875288
206 2.258649423302191
207 5.164968421304065
208 6.60192283455486
209 5.29914317155601
210 0.08490257423924064
211 5.8822944593101365
212 2.329847970813019
213 6.219639944575346
214 5.176285047729512
215 2.1885251231476714
216 6.3284482378324
217 1.783495249174358
218 7.311271849813103
219 8.922979914357771
220 1.6832166811155687
221 3.9441290299480416
222 7.644093687675506
223 6.961333626515125
224 5.423709808466322
225 3.7637512817029553
226 4.94310539541356
227 -1.295830780093198
228 5.643161695689781
229 5.291469015727755
230 1.6732725408828866
232 7.456502588443199
233 2.754394260819717
234 3.4072907161457437
235 2.7910282737064125
236 6.141095557625666
237 4.32232079569855
238 3.5600217182854363
239 2.6267780174019713
240 -0.42451151641873963
241 6.115781554301901
242 8.337307239988302
243 4.13409718750055
244 7.6052407340979675
245 4.174328510875633
246 3.162279073036738
247 2.415257640349106
248 3.4986000076509556
249 3.3951228649077505
250 6.351415995633106
