201 0.3591960374687888
202 0.2051508429305155
203 0.158450039074931
204 0.14292600351979784
206 0.2555845190884268
207 0.28456289863729256
208 0.19561954385443395
209 0.1769563007734417
210 0.26240131397122296
211 0.159519082575458
212 0.19427002772137453
213 0.23443145530894888
214 0.23312271734987103
215 0.1508596710024993
216 0.28351053233173557
217 0.25838695049500754
218 0.2887077117987194
219 0.5077198286814456
220 0.21088088779842434
221 0.22688090942419192
222 0.3107289658581842
223 0.266447711134101
224 0.2595603949315018
225 0.10667344291198003
226 0.10167225914267582
227 0.06430757083143004
228 0.24249994792185317
229 0.2542442772474859
230 0.13934543564529986
232 0.16104654948077987
233 0.17060081993607934
234 0.2491462135180308
235 0.1355593448382168
236 0.2840169078050528
237 0.29585003412094873
238 0.49621012761456557
239 0.211057052082154
240 0.27729652648239067
241 0.11984553452500525
242 0.7353505808161357
243 0.2222415895035308
244 0.2002832545815017
245 0.10752593741583592
246 0.09981201782177886
247 0.14979144959005838
248 0.2046023565539549
249 0.37870044026248373
250 0.46026758667326295
