201 0.09610898226285951
202 0.045820268345982074
203 0.022869303945904234
204 0.043613716523424675
206 0.008820506879811844
207 0.03174730217471161
208 0.05646545609041683
209 0.04736784137025716
210 0.0019077781015080478
211 0.02409833426014691
212 0.0072511003248356964
213 0.21825106053415172
214 0.02776011330838423
215 -8.135372600065082E-5
216 0.022872428634351665
217 0.00915863888080302
218 0.026060262780273985
219 0.08597214912158326
220 0.009047239719421823
221 0.012773548509005948
222 0.03891127746895416
223 0.04366842736346007
224 0.05646890940923588
225 0.007686986993538004
226 0.03937907985552434
227 -1.9462541480529049E-4
228 0.01264431098482147
229 0.018750116253395236
230 0.010505633514416413
232 0.03732022889369879
233 0.015192373754276716
234 0.015510567473726882
235 0.017731224503249265
236 0.031121351665301913
237 0.024758727879720804
238 0.004928611956278621
239 0.016056659235621048
240 0.0010331293596618392
241 0.05695773534278444
242 -1.273507194790414E-4
243 0.014817656072978018
244 0.040280832546546824
245 0.012538931510257686
246 0.008753131326761148
247 -8.128759551292474E-5
248 0.015437035623879878
249 0.032333489377715824
250 0.005069260782642103
