201 34.28805769472148
202 16.601494973207224
203 608.086838006866
204 2072.7086060788333
206 4.405420127659028
207 2.1227590083175363
208 189.0055391563766
209 133.07878482213138
210 6692.138249943994
211 42.8952856455729
212 17.129834614363386
213 80.32512544751893
214 10.60454598489623
215 0.0
216 8.437168644437723
217 196.94570870110414
218 40.81782333677104
219 2441.82906546315
220 2.2914740104450506
221 21.185674202586302
222 18.7617042265219
223 24.009686405425402
224 629.7099820913957
225 0.0
226 66.48774967315681
227 0.0
228 3.998406613294715
229 270.8960483989847
230 3.296893067508994
232 158.43319762381287
233 882.8853719834244
234 46.730780899988105
235 17.86112956948925
236 1.1779155472446632
237 248.03693371313946
238 89.78071958852806
239 12.009350042314397
240 9.055817727822912
241 969.2957667009798
242 3933.8064562752957
243 93.89811399607699
244 64.275398761571
245 76.63166328398809
246 81.18390400361713
247 0.0
248 23.626914260855298
249 47.354998802527305
250 760.7494362132873
