201 0.0332201716417908
202 0.021734038118708773
203 0.0
204 0.5750378664573833
206 0.3018869688872512
207 0.18894406802562838
208 0.1383398955504968
209 0.32234693733965114
210 0.17305028134508918
211 0.07123826562565926
212 0.4971011597107331
213 0.1582554560613641
214 0.47894383014925457
215 0.0
216 0.13716025660211578
217 0.41505365116730986
218 0.23391529968558153
219 0.17306341120706523
220 0.05357597157544503
221 0.3052761427514321
222 0.15658695667684924
223 0.04364941461700318
224 0.4674637967427445
225 0.024711276542061022
226 0.42886243697728854
227 0.0
228 0.25833066099403945
229 0.5049811412509322
230 0.25275116133408493
232 0.31936366949818046
233 0.5088279029368197
234 0.237178199461976
235 0.4666029187139151
236 0.10326894765742349
237 0.4717189551382057
238 0.15635040084518606
239 0.03945219540705844
240 0.2320485888238333
241 0.4413159652326299
242 0.007348935307734444
243 0.49964609030240265
244 0.220611452302802
245 0.4728977385164518
246 0.3585177235771059
247 0.0
248 0.451066133194467
249 0.4131477194298546
250 0.4071109269195011
