201 0.03825675061773804
202 0.03219592535841468
203 0.021862961159336638
204 0.01809065849110228
206 0.02506368945169543
207 0.03612999911837611
208 0.02303090794361552
209 0.020084271872356164
210 0.04058328383948633
211 0.01669960968811236
212 0.016729393229979482
213 0.0525059060764766
214 0.02690356691241545
215 0.016066049558489483
216 0.024367529784204863
217 0.033732695099583355
218 0.034681084936155265
219 0.04573686990915239
220 0.029809493561233837
221 0.02094466256454343
222 0.03638122746333044
223 0.02635316845242922
224 0.0425377739548604
225 0.011266824431336262
226 0.008361216052413042
227 0.007787966320702629
228 0.018750033015822544
229 0.04373797878559331
230 0.009829814778386818
232 0.020545707229819746
233 0.006493506493506494
234 0.030247870440545412
235 0.015674171535671327
236 0.032857874768980604
237 0.0393880447069922
238 0.05114416757063245
239 0.023749433640412123
240 0.027422051930282788
241 0.014738352453081223
242 0.0983317048015726
243 0.02440051709569124
244 0.02164168077638281
245 0.01120630958080355
246 0.00827275788554042
247 0.021545739348884856
248 0.033170104003810076
249 0.04988116329110721
250 0.05282712692799796
