201 1.576722032609999E-4
202 8.511059439468152E-5
203 1.635460539855589E-4
204 5.654519982443052E-4
205 4.199968743664888E-5
206 1.3671851077991878E-5
207 8.432770723776719E-5
208 1.621727602680961E-4
209 5.784251172485614E-4
210 5.869649501049177E-4
211 1.2024275422882355E-4
212 2.492895601048868E-4
213 1.629756909497442E-4
214 5.46539938838561E-5
215 2.7141805081697226E-4
216 1.4633628954126862E-4
217 3.520601755106218E-4
218 1.6697520980077558E-4
219 0.0033051073672703823
220 3.9345911862498545E-5
221 7.244521522041801E-5
222 1.2924294368626615E-4
223 1.0481731006533694E-4
224 7.291364779410957E-5
225 9.929753055639314E-5
226 5.4071449512107534E-5
227 2.7014969979000873E-5
228 4.432142401512209E-5
229 1.3451092088323388E-4
230 1.7882876546507984E-5
231 0.003471753358322726
232 8.402586728503004E-5
233 2.8723109444996668E-5
234 1.1539374362851911E-4
235 2.2567794037504787E-5
236 4.643864286195109E-5
237 7.298704329893789E-5
238 2.0796493228538292E-4
239 6.43881833270466E-5
240 1.586316587006852E-4
241 1.807120044843638E-4
242 0.0013165068808830924
243 1.8285264224084748E-4
244 1.4378854150622463E-4
245 3.822471383695835E-5
246 2.656338070042579E-4
247 9.170886906881697E-4
248 1.6690969697499117E-4
249 2.0056857083516E-5
250 0.0017257726110855745
