201 0.03739939741398203
202 0.014292562990965351
203 -0.35360782785371175
204 -0.21268598141119582
206 -0.04719174595733766
207 -0.01920196762558654
208 0.006937436720185447
209 -0.019988017485328156
210 -0.33321051045163835
211 0.02702140765796026
212 -0.19563130474863424
213 0.054050928603820894
214 -0.08582640731052668
215 -0.5000384791963183
216 0.00812010318383878
217 -0.24317372203350238
218 -0.08521795764055731
219 0.1477392891794731
220 -0.16407628843299282
221 -0.042296722407141565
222 -0.0038895112391329058
223 0.023555212874371373
224 -0.14301036280622248
225 -0.34925302179969137
226 -0.07314927547692912
227 -0.35360777348256184
228 -0.10868622976899835
229 -0.19081187951316797
230 -0.21758686256884133
232 -0.0470649626617566
233 -0.24561788332844503
234 -0.22554805289851987
235 -0.14370151701640346
236 0.0013061956024943999
237 -0.1401150281776863
238 -0.1878662508286254
239 -0.16519309626555706
240 -0.29989305499741986
241 -0.0646139001622961
242 -0.4988135074162928
243 -0.14600092077562643
244 -0.010616106963786561
245 -0.13899760591893193
246 -0.17539713428747372
247 -0.500038418014661
248 -0.13328372267182242
249 -0.15003071273094815
250 -0.3982565409492348
