201 -0.009227050841333167
202 -0.04279948517424745
203 -0.14973874637805457
204 -0.1422108448019697
206 -0.1420407390206157
207 -0.09513068759798789
208 -0.05548509282876415
209 -0.19503536954280443
210 -0.1163901728662455
211 -0.06883027467968167
212 -0.26476695974842296
213 -0.05782952226919135
214 -0.15924736650299784
215 -0.21651838285748332
216 -0.060647242706657924
217 -0.2329858281971227
218 -0.10901688040537395
219 -0.05854164021475408
220 -0.031249124619762033
221 -0.16316243726982166
222 -0.03261895015508407
223 -0.06884589829597973
224 -0.18615094863987294
225 -0.12650605812656146
226 -0.12995954761559292
227 -2.350307132395319E-16
228 -0.11514597967419632
229 -0.18298196431404187
230 -0.13537435483640942
232 -0.1647505593811169
233 -0.30110345336587957
234 -0.18803837825546812
235 -0.25179311686569267
236 -0.04777892527119001
237 -0.25080757145077104
238 -0.008854755023368105
239 -0.02177318333096147
240 -0.07348621452630519
241 -0.21514096173707184
242 -0.02338977571153647
243 -0.26919155708569587
244 -0.12430163881949607
245 -0.22999777206145025
246 -0.1680940791657305
247 -0.22838234772466054
248 -0.22471781863056575
249 -0.15528699127284987
250 -0.18439361567336043
