201 0.010887059100660169
202 0.1009786892189841
203 5.04525450883031
204 7.756762344635244
206 0.001225797884217055
207 0.07555831035248552
208 1.0918473508773414
209 1.7526422593036937
210 2.830708443436537
211 0.6682120852413094
212 2.2048989190032486
213 15.064823420715602
214 0.023876865721046255
215 0.20863045374689904
216 0.13015322793928666
217 0.10224100904218937
218 0.23212591951016368
219 47.294882587371596
220 0.4071216326190014
221 0.6369554193833636
222 0.08468039746225081
223 0.06681874149134166
224 0.03635056699657953
225 2.2681637949814593
226 0.11892696296213766
227 0.011972983596437088
228 0.031526722807901336
229 0.012584688738054418
230 1.1894824150503525
232 0.2921981922442104
233 0.9080118929181401
234 0.029227168118537476
235 0.023597357797370485
236 0.0028756022823364855
237 0.08719628896259239
238 0.03179550831366044
239 2.343150885349577
240 0.011972909996800936
241 1.9287592175651247
242 2.1705485016777435
243 0.027770843764103048
244 0.03326272694170705
245 0.20204629680161254
246 1.8500385831297355
247 11.506066527569422
248 0.5867918589531552
249 6.214482926753807E-4
250 12.730057025562196
